/*--------------------------------*- C++ -*----------------------------------*\
| =========                 |                                                 |
| \\      /  F ield         | OpenFOAM: The Open Source CFD Toolbox           |
|  \\    /   O peration     | Version:  4.1                                   |
|   \\  /    A nd           | Web:      www.OpenFOAM.org                      |
|    \\/     M anipulation  |                                                 |
\*---------------------------------------------------------------------------*/
FoamFile
{
    version     2.0;
    format      ascii;
    class       faceList;
    location    "constant/polyMesh";
    object      faces;
}
// * * * * * * * * * * * * * * * * * * * * * * * * * * * * * * * * * * * * * //


4070
(
4(1 22 64 43)
4(42 43 64 63)
4(2 23 65 44)
4(43 44 65 64)
4(3 24 66 45)
4(44 45 66 65)
4(4 25 67 46)
4(45 46 67 66)
4(5 26 68 47)
4(46 47 68 67)
4(6 27 69 48)
4(47 48 69 68)
4(7 28 70 49)
4(48 49 70 69)
4(8 29 71 50)
4(49 50 71 70)
4(9 30 72 51)
4(50 51 72 71)
4(10 31 73 52)
4(51 52 73 72)
4(11 32 74 53)
4(52 53 74 73)
4(12 33 75 54)
4(53 54 75 74)
4(13 34 76 55)
4(54 55 76 75)
4(14 35 77 56)
4(55 56 77 76)
4(15 36 78 57)
4(56 57 78 77)
4(16 37 79 58)
4(57 58 79 78)
4(17 38 80 59)
4(58 59 80 79)
4(18 39 81 60)
4(59 60 81 80)
4(19 40 82 61)
4(60 61 82 81)
4(61 62 83 82)
4(43 64 106 85)
4(84 85 106 105)
4(44 65 107 86)
4(85 86 107 106)
4(45 66 108 87)
4(86 87 108 107)
4(46 67 109 88)
4(87 88 109 108)
4(47 68 110 89)
4(88 89 110 109)
4(48 69 111 90)
4(89 90 111 110)
4(49 70 112 91)
4(90 91 112 111)
4(50 71 113 92)
4(91 92 113 112)
4(51 72 114 93)
4(92 93 114 113)
4(52 73 115 94)
4(93 94 115 114)
4(53 74 116 95)
4(94 95 116 115)
4(54 75 117 96)
4(95 96 117 116)
4(55 76 118 97)
4(96 97 118 117)
4(56 77 119 98)
4(97 98 119 118)
4(57 78 120 99)
4(98 99 120 119)
4(58 79 121 100)
4(99 100 121 120)
4(59 80 122 101)
4(100 101 122 121)
4(60 81 123 102)
4(101 102 123 122)
4(61 82 124 103)
4(102 103 124 123)
4(103 104 125 124)
4(85 106 148 127)
4(126 127 148 147)
4(86 107 149 128)
4(127 128 149 148)
4(87 108 150 129)
4(128 129 150 149)
4(88 109 151 130)
4(129 130 151 150)
4(89 110 152 131)
4(130 131 152 151)
4(90 111 153 132)
4(131 132 153 152)
4(91 112 154 133)
4(132 133 154 153)
4(92 113 155 134)
4(133 134 155 154)
4(93 114 156 135)
4(134 135 156 155)
4(94 115 157 136)
4(135 136 157 156)
4(95 116 158 137)
4(136 137 158 157)
4(96 117 159 138)
4(137 138 159 158)
4(97 118 160 139)
4(138 139 160 159)
4(98 119 161 140)
4(139 140 161 160)
4(99 120 162 141)
4(140 141 162 161)
4(100 121 163 142)
4(141 142 163 162)
4(101 122 164 143)
4(142 143 164 163)
4(102 123 165 144)
4(143 144 165 164)
4(103 124 166 145)
4(144 145 166 165)
4(145 146 167 166)
4(127 148 190 169)
4(168 169 190 189)
4(128 149 191 170)
4(169 170 191 190)
4(129 150 192 171)
4(170 171 192 191)
4(130 151 193 172)
4(171 172 193 192)
4(131 152 194 173)
4(172 173 194 193)
4(132 153 195 174)
4(173 174 195 194)
4(133 154 196 175)
4(174 175 196 195)
4(134 155 197 176)
4(175 176 197 196)
4(135 156 198 177)
4(176 177 198 197)
4(136 157 199 178)
4(177 178 199 198)
4(137 158 200 179)
4(178 179 200 199)
4(138 159 201 180)
4(179 180 201 200)
4(139 160 202 181)
4(180 181 202 201)
4(140 161 203 182)
4(181 182 203 202)
4(141 162 204 183)
4(182 183 204 203)
4(142 163 205 184)
4(183 184 205 204)
4(143 164 206 185)
4(184 185 206 205)
4(144 165 207 186)
4(185 186 207 206)
4(145 166 208 187)
4(186 187 208 207)
4(187 188 209 208)
4(169 190 232 211)
4(210 211 232 231)
4(170 191 233 212)
4(211 212 233 232)
4(171 192 234 213)
4(212 213 234 233)
4(172 193 235 214)
4(213 214 235 234)
4(173 194 236 215)
4(214 215 236 235)
4(174 195 237 216)
4(215 216 237 236)
4(175 196 238 217)
4(216 217 238 237)
4(176 197 239 218)
4(217 218 239 238)
4(177 198 240 219)
4(218 219 240 239)
4(178 199 241 220)
4(219 220 241 240)
4(179 200 242 221)
4(220 221 242 241)
4(180 201 243 222)
4(221 222 243 242)
4(181 202 244 223)
4(222 223 244 243)
4(182 203 245 224)
4(223 224 245 244)
4(183 204 246 225)
4(224 225 246 245)
4(184 205 247 226)
4(225 226 247 246)
4(185 206 248 227)
4(226 227 248 247)
4(186 207 249 228)
4(227 228 249 248)
4(187 208 250 229)
4(228 229 250 249)
4(229 230 251 250)
4(211 232 274 253)
4(252 253 274 273)
4(212 233 275 254)
4(253 254 275 274)
4(213 234 276 255)
4(254 255 276 275)
4(214 235 277 256)
4(255 256 277 276)
4(215 236 278 257)
4(256 257 278 277)
4(216 237 279 258)
4(257 258 279 278)
4(217 238 280 259)
4(258 259 280 279)
4(218 239 281 260)
4(259 260 281 280)
4(219 240 282 261)
4(260 261 282 281)
4(220 241 283 262)
4(261 262 283 282)
4(221 242 284 263)
4(262 263 284 283)
4(222 243 285 264)
4(263 264 285 284)
4(223 244 286 265)
4(264 265 286 285)
4(224 245 287 266)
4(265 266 287 286)
4(225 246 288 267)
4(266 267 288 287)
4(226 247 289 268)
4(267 268 289 288)
4(227 248 290 269)
4(268 269 290 289)
4(228 249 291 270)
4(269 270 291 290)
4(229 250 292 271)
4(270 271 292 291)
4(271 272 293 292)
4(253 274 316 295)
4(294 295 316 315)
4(254 275 317 296)
4(295 296 317 316)
4(255 276 318 297)
4(296 297 318 317)
4(256 277 319 298)
4(297 298 319 318)
4(257 278 320 299)
4(298 299 320 319)
4(258 279 321 300)
4(299 300 321 320)
4(259 280 322 301)
4(300 301 322 321)
4(260 281 323 302)
4(301 302 323 322)
4(261 282 324 303)
4(302 303 324 323)
4(262 283 325 304)
4(303 304 325 324)
4(263 284 326 305)
4(304 305 326 325)
4(264 285 327 306)
4(305 306 327 326)
4(265 286 328 307)
4(306 307 328 327)
4(266 287 329 308)
4(307 308 329 328)
4(267 288 330 309)
4(308 309 330 329)
4(268 289 331 310)
4(309 310 331 330)
4(269 290 332 311)
4(310 311 332 331)
4(270 291 333 312)
4(311 312 333 332)
4(271 292 334 313)
4(312 313 334 333)
4(313 314 335 334)
4(295 316 358 337)
4(336 337 358 357)
4(296 317 359 338)
4(337 338 359 358)
4(297 318 360 339)
4(338 339 360 359)
4(298 319 361 340)
4(339 340 361 360)
4(299 320 362 341)
4(340 341 362 361)
4(300 321 363 342)
4(341 342 363 362)
4(301 322 364 343)
4(342 343 364 363)
4(302 323 365 344)
4(343 344 365 364)
4(303 324 366 345)
4(344 345 366 365)
4(304 325 367 346)
4(345 346 367 366)
4(305 326 368 347)
4(346 347 368 367)
4(306 327 369 348)
4(347 348 369 368)
4(307 328 370 349)
4(348 349 370 369)
4(308 329 371 350)
4(349 350 371 370)
4(309 330 372 351)
4(350 351 372 371)
4(310 331 373 352)
4(351 352 373 372)
4(311 332 374 353)
4(352 353 374 373)
4(312 333 375 354)
4(353 354 375 374)
4(313 334 376 355)
4(354 355 376 375)
4(355 356 377 376)
4(337 358 400 379)
4(378 379 400 399)
4(338 359 401 380)
4(379 380 401 400)
4(339 360 402 381)
4(380 381 402 401)
4(340 361 403 382)
4(381 382 403 402)
4(341 362 404 383)
4(382 383 404 403)
4(342 363 405 384)
4(383 384 405 404)
4(343 364 406 385)
4(384 385 406 405)
4(344 365 407 386)
4(385 386 407 406)
4(345 366 408 387)
4(386 387 408 407)
4(346 367 409 388)
4(387 388 409 408)
4(347 368 410 389)
4(388 389 410 409)
4(348 369 411 390)
4(389 390 411 410)
4(349 370 412 391)
4(390 391 412 411)
4(350 371 413 392)
4(391 392 413 412)
4(351 372 414 393)
4(392 393 414 413)
4(352 373 415 394)
4(393 394 415 414)
4(353 374 416 395)
4(394 395 416 415)
4(354 375 417 396)
4(395 396 417 416)
4(355 376 418 397)
4(396 397 418 417)
4(397 398 419 418)
4(379 400 442 421)
4(420 421 442 441)
4(380 401 443 422)
4(421 422 443 442)
4(381 402 444 423)
4(422 423 444 443)
4(382 403 445 424)
4(423 424 445 444)
4(383 404 446 425)
4(424 425 446 445)
4(384 405 447 426)
4(425 426 447 446)
4(385 406 448 427)
4(426 427 448 447)
4(386 407 449 428)
4(427 428 449 448)
4(387 408 450 429)
4(428 429 450 449)
4(388 409 451 430)
4(429 430 451 450)
4(389 410 452 431)
4(430 431 452 451)
4(390 411 453 432)
4(431 432 453 452)
4(391 412 454 433)
4(432 433 454 453)
4(392 413 455 434)
4(433 434 455 454)
4(393 414 456 435)
4(434 435 456 455)
4(394 415 457 436)
4(435 436 457 456)
4(395 416 458 437)
4(436 437 458 457)
4(396 417 459 438)
4(437 438 459 458)
4(397 418 460 439)
4(438 439 460 459)
4(439 440 461 460)
4(421 442 484 463)
4(462 463 484 483)
4(422 443 485 464)
4(463 464 485 484)
4(423 444 486 465)
4(464 465 486 485)
4(424 445 487 466)
4(465 466 487 486)
4(425 446 488 467)
4(466 467 488 487)
4(426 447 489 468)
4(467 468 489 488)
4(427 448 490 469)
4(468 469 490 489)
4(428 449 491 470)
4(469 470 491 490)
4(429 450 492 471)
4(470 471 492 491)
4(430 451 493 472)
4(471 472 493 492)
4(431 452 494 473)
4(472 473 494 493)
4(432 453 495 474)
4(473 474 495 494)
4(433 454 496 475)
4(474 475 496 495)
4(434 455 497 476)
4(475 476 497 496)
4(435 456 498 477)
4(476 477 498 497)
4(436 457 499 478)
4(477 478 499 498)
4(437 458 500 479)
4(478 479 500 499)
4(438 459 501 480)
4(479 480 501 500)
4(439 460 502 481)
4(480 481 502 501)
4(481 482 503 502)
4(463 484 526 505)
4(504 505 526 525)
4(464 485 527 506)
4(505 506 527 526)
4(465 486 528 507)
4(506 507 528 527)
4(466 487 529 508)
4(507 508 529 528)
4(467 488 530 509)
4(508 509 530 529)
4(468 489 531 510)
4(509 510 531 530)
4(469 490 532 511)
4(510 511 532 531)
4(470 491 533 512)
4(511 512 533 532)
4(471 492 534 513)
4(512 513 534 533)
4(472 493 535 514)
4(513 514 535 534)
4(473 494 536 515)
4(514 515 536 535)
4(474 495 537 516)
4(515 516 537 536)
4(475 496 538 517)
4(516 517 538 537)
4(476 497 539 518)
4(517 518 539 538)
4(477 498 540 519)
4(518 519 540 539)
4(478 499 541 520)
4(519 520 541 540)
4(479 500 542 521)
4(520 521 542 541)
4(480 501 543 522)
4(521 522 543 542)
4(481 502 544 523)
4(522 523 544 543)
4(523 524 545 544)
4(505 526 568 547)
4(546 547 568 567)
4(506 527 569 548)
4(547 548 569 568)
4(507 528 570 549)
4(548 549 570 569)
4(508 529 571 550)
4(549 550 571 570)
4(509 530 572 551)
4(550 551 572 571)
4(510 531 573 552)
4(551 552 573 572)
4(511 532 574 553)
4(552 553 574 573)
4(512 533 575 554)
4(553 554 575 574)
4(513 534 576 555)
4(554 555 576 575)
4(514 535 577 556)
4(555 556 577 576)
4(515 536 578 557)
4(556 557 578 577)
4(516 537 579 558)
4(557 558 579 578)
4(517 538 580 559)
4(558 559 580 579)
4(518 539 581 560)
4(559 560 581 580)
4(519 540 582 561)
4(560 561 582 581)
4(520 541 583 562)
4(561 562 583 582)
4(521 542 584 563)
4(562 563 584 583)
4(522 543 585 564)
4(563 564 585 584)
4(523 544 586 565)
4(564 565 586 585)
4(565 566 587 586)
4(547 568 610 589)
4(588 589 610 609)
4(548 569 611 590)
4(589 590 611 610)
4(549 570 612 591)
4(590 591 612 611)
4(550 571 613 592)
4(591 592 613 612)
4(551 572 614 593)
4(592 593 614 613)
4(552 573 615 594)
4(593 594 615 614)
4(553 574 616 595)
4(594 595 616 615)
4(554 575 617 596)
4(595 596 617 616)
4(555 576 618 597)
4(596 597 618 617)
4(556 577 619 598)
4(597 598 619 618)
4(557 578 620 599)
4(598 599 620 619)
4(558 579 621 600)
4(599 600 621 620)
4(559 580 622 601)
4(600 601 622 621)
4(560 581 623 602)
4(601 602 623 622)
4(561 582 624 603)
4(602 603 624 623)
4(562 583 625 604)
4(603 604 625 624)
4(563 584 626 605)
4(604 605 626 625)
4(564 585 627 606)
4(605 606 627 626)
4(565 586 628 607)
4(606 607 628 627)
4(607 608 629 628)
4(589 610 652 631)
4(630 631 652 651)
4(590 611 653 632)
4(631 632 653 652)
4(591 612 654 633)
4(632 633 654 653)
4(592 613 655 634)
4(633 634 655 654)
4(593 614 656 635)
4(634 635 656 655)
4(594 615 657 636)
4(635 636 657 656)
4(595 616 658 637)
4(636 637 658 657)
4(596 617 659 638)
4(637 638 659 658)
4(597 618 660 639)
4(638 639 660 659)
4(598 619 661 640)
4(639 640 661 660)
4(599 620 662 641)
4(640 641 662 661)
4(600 621 663 642)
4(641 642 663 662)
4(601 622 664 643)
4(642 643 664 663)
4(602 623 665 644)
4(643 644 665 664)
4(603 624 666 645)
4(644 645 666 665)
4(604 625 667 646)
4(645 646 667 666)
4(605 626 668 647)
4(646 647 668 667)
4(606 627 669 648)
4(647 648 669 668)
4(607 628 670 649)
4(648 649 670 669)
4(649 650 671 670)
4(631 652 694 673)
4(672 673 694 693)
4(632 653 695 674)
4(673 674 695 694)
4(633 654 696 675)
4(674 675 696 695)
4(634 655 697 676)
4(675 676 697 696)
4(635 656 698 677)
4(676 677 698 697)
4(636 657 699 678)
4(677 678 699 698)
4(637 658 700 679)
4(678 679 700 699)
4(638 659 701 680)
4(679 680 701 700)
4(639 660 702 681)
4(680 681 702 701)
4(640 661 703 682)
4(681 682 703 702)
4(641 662 704 683)
4(682 683 704 703)
4(642 663 705 684)
4(683 684 705 704)
4(643 664 706 685)
4(684 685 706 705)
4(644 665 707 686)
4(685 686 707 706)
4(645 666 708 687)
4(686 687 708 707)
4(646 667 709 688)
4(687 688 709 708)
4(647 668 710 689)
4(688 689 710 709)
4(648 669 711 690)
4(689 690 711 710)
4(649 670 712 691)
4(690 691 712 711)
4(691 692 713 712)
4(673 694 736 715)
4(714 715 736 735)
4(674 695 737 716)
4(715 716 737 736)
4(675 696 738 717)
4(716 717 738 737)
4(676 697 739 718)
4(717 718 739 738)
4(677 698 740 719)
4(718 719 740 739)
4(678 699 741 720)
4(719 720 741 740)
4(679 700 742 721)
4(720 721 742 741)
4(680 701 743 722)
4(721 722 743 742)
4(681 702 744 723)
4(722 723 744 743)
4(682 703 745 724)
4(723 724 745 744)
4(683 704 746 725)
4(724 725 746 745)
4(684 705 747 726)
4(725 726 747 746)
4(685 706 748 727)
4(726 727 748 747)
4(686 707 749 728)
4(727 728 749 748)
4(687 708 750 729)
4(728 729 750 749)
4(688 709 751 730)
4(729 730 751 750)
4(689 710 752 731)
4(730 731 752 751)
4(690 711 753 732)
4(731 732 753 752)
4(691 712 754 733)
4(732 733 754 753)
4(733 734 755 754)
4(715 736 778 757)
4(756 757 778 777)
4(716 737 779 758)
4(757 758 779 778)
4(717 738 780 759)
4(758 759 780 779)
4(718 739 781 760)
4(759 760 781 780)
4(719 740 782 761)
4(760 761 782 781)
4(720 741 783 762)
4(761 762 783 782)
4(721 742 784 763)
4(762 763 784 783)
4(722 743 785 764)
4(763 764 785 784)
4(723 744 786 765)
4(764 765 786 785)
4(724 745 787 766)
4(765 766 787 786)
4(725 746 788 767)
4(766 767 788 787)
4(726 747 789 768)
4(767 768 789 788)
4(727 748 790 769)
4(768 769 790 789)
4(728 749 791 770)
4(769 770 791 790)
4(729 750 792 771)
4(770 771 792 791)
4(730 751 793 772)
4(771 772 793 792)
4(731 752 794 773)
4(772 773 794 793)
4(732 753 795 774)
4(773 774 795 794)
4(733 754 796 775)
4(774 775 796 795)
4(775 776 797 796)
4(757 778 820 799)
4(798 799 820 819)
4(758 779 821 800)
4(799 800 821 820)
4(759 780 822 801)
4(800 801 822 821)
4(760 781 823 802)
4(801 802 823 822)
4(761 782 824 803)
4(802 803 824 823)
4(762 783 825 804)
4(803 804 825 824)
4(763 784 826 805)
4(804 805 826 825)
4(764 785 827 806)
4(805 806 827 826)
4(765 786 828 807)
4(806 807 828 827)
4(766 787 829 808)
4(807 808 829 828)
4(767 788 830 809)
4(808 809 830 829)
4(768 789 831 810)
4(809 810 831 830)
4(769 790 832 811)
4(810 811 832 831)
4(770 791 833 812)
4(811 812 833 832)
4(771 792 834 813)
4(812 813 834 833)
4(772 793 835 814)
4(813 814 835 834)
4(773 794 836 815)
4(814 815 836 835)
4(774 795 837 816)
4(815 816 837 836)
4(775 796 838 817)
4(816 817 838 837)
4(817 818 839 838)
4(799 820 862 841)
4(840 841 862 861)
4(800 821 863 842)
4(841 842 863 862)
4(801 822 864 843)
4(842 843 864 863)
4(802 823 865 844)
4(843 844 865 864)
4(803 824 866 845)
4(844 845 866 865)
4(804 825 867 846)
4(845 846 867 866)
4(805 826 868 847)
4(846 847 868 867)
4(806 827 869 848)
4(847 848 869 868)
4(807 828 870 849)
4(848 849 870 869)
4(808 829 871 850)
4(849 850 871 870)
4(809 830 872 851)
4(850 851 872 871)
4(810 831 873 852)
4(851 852 873 872)
4(811 832 874 853)
4(852 853 874 873)
4(812 833 875 854)
4(853 854 875 874)
4(813 834 876 855)
4(854 855 876 875)
4(814 835 877 856)
4(855 856 877 876)
4(815 836 878 857)
4(856 857 878 877)
4(816 837 879 858)
4(857 858 879 878)
4(817 838 880 859)
4(858 859 880 879)
4(859 860 881 880)
4(841 862 904 883)
4(882 883 904 903)
4(842 863 905 884)
4(883 884 905 904)
4(843 864 906 885)
4(884 885 906 905)
4(844 865 907 886)
4(885 886 907 906)
4(845 866 908 887)
4(886 887 908 907)
4(846 867 909 888)
4(887 888 909 908)
4(847 868 910 889)
4(888 889 910 909)
4(848 869 911 890)
4(889 890 911 910)
4(849 870 912 891)
4(890 891 912 911)
4(850 871 913 892)
4(891 892 913 912)
4(851 872 914 893)
4(892 893 914 913)
4(852 873 915 894)
4(893 894 915 914)
4(853 874 916 895)
4(894 895 916 915)
4(854 875 917 896)
4(895 896 917 916)
4(855 876 918 897)
4(896 897 918 917)
4(856 877 919 898)
4(897 898 919 918)
4(857 878 920 899)
4(898 899 920 919)
4(858 879 921 900)
4(899 900 921 920)
4(859 880 922 901)
4(900 901 922 921)
4(901 902 923 922)
4(883 904 946 925)
4(924 925 946 945)
4(884 905 947 926)
4(925 926 947 946)
4(885 906 948 927)
4(926 927 948 947)
4(886 907 949 928)
4(927 928 949 948)
4(887 908 950 929)
4(928 929 950 949)
4(888 909 951 930)
4(929 930 951 950)
4(889 910 952 931)
4(930 931 952 951)
4(890 911 953 932)
4(931 932 953 952)
4(891 912 954 933)
4(932 933 954 953)
4(892 913 955 934)
4(933 934 955 954)
4(893 914 956 935)
4(934 935 956 955)
4(894 915 957 936)
4(935 936 957 956)
4(895 916 958 937)
4(936 937 958 957)
4(896 917 959 938)
4(937 938 959 958)
4(897 918 960 939)
4(938 939 960 959)
4(898 919 961 940)
4(939 940 961 960)
4(899 920 962 941)
4(940 941 962 961)
4(900 921 963 942)
4(941 942 963 962)
4(901 922 964 943)
4(942 943 964 963)
4(943 944 965 964)
4(925 946 988 967)
4(966 967 988 987)
4(926 947 989 968)
4(967 968 989 988)
4(927 948 990 969)
4(968 969 990 989)
4(928 949 991 970)
4(969 970 991 990)
4(929 950 992 971)
4(970 971 992 991)
4(930 951 993 972)
4(971 972 993 992)
4(931 952 994 973)
4(972 973 994 993)
4(932 953 995 974)
4(973 974 995 994)
4(933 954 996 975)
4(974 975 996 995)
4(934 955 997 976)
4(975 976 997 996)
4(935 956 998 977)
4(976 977 998 997)
4(936 957 999 978)
4(977 978 999 998)
4(937 958 1000 979)
4(978 979 1000 999)
4(938 959 1001 980)
4(979 980 1001 1000)
4(939 960 1002 981)
4(980 981 1002 1001)
4(940 961 1003 982)
4(981 982 1003 1002)
4(941 962 1004 983)
4(982 983 1004 1003)
4(942 963 1005 984)
4(983 984 1005 1004)
4(943 964 1006 985)
4(984 985 1006 1005)
4(985 986 1007 1006)
4(967 988 1030 1009)
4(1008 1009 1030 1029)
4(968 989 1031 1010)
4(1009 1010 1031 1030)
4(969 990 1032 1011)
4(1010 1011 1032 1031)
4(970 991 1033 1012)
4(1011 1012 1033 1032)
4(971 992 1034 1013)
4(1012 1013 1034 1033)
4(972 993 1035 1014)
4(1013 1014 1035 1034)
4(973 994 1036 1015)
4(1014 1015 1036 1035)
4(974 995 1037 1016)
4(1015 1016 1037 1036)
4(975 996 1038 1017)
4(1016 1017 1038 1037)
4(976 997 1039 1018)
4(1017 1018 1039 1038)
4(977 998 1040 1019)
4(1018 1019 1040 1039)
4(978 999 1041 1020)
4(1019 1020 1041 1040)
4(979 1000 1042 1021)
4(1020 1021 1042 1041)
4(980 1001 1043 1022)
4(1021 1022 1043 1042)
4(981 1002 1044 1023)
4(1022 1023 1044 1043)
4(982 1003 1045 1024)
4(1023 1024 1045 1044)
4(983 1004 1046 1025)
4(1024 1025 1046 1045)
4(984 1005 1047 1026)
4(1025 1026 1047 1046)
4(985 1006 1048 1027)
4(1026 1027 1048 1047)
4(1027 1028 1049 1048)
4(1009 1030 1072 1051)
4(1050 1051 1072 1071)
4(1010 1031 1073 1052)
4(1051 1052 1073 1072)
4(1011 1032 1074 1053)
4(1052 1053 1074 1073)
4(1012 1033 1075 1054)
4(1053 1054 1075 1074)
4(1013 1034 1076 1055)
4(1054 1055 1076 1075)
4(1014 1035 1077 1056)
4(1055 1056 1077 1076)
4(1015 1036 1078 1057)
4(1056 1057 1078 1077)
4(1016 1037 1079 1058)
4(1057 1058 1079 1078)
4(1017 1038 1080 1059)
4(1058 1059 1080 1079)
4(1018 1039 1081 1060)
4(1059 1060 1081 1080)
4(1019 1040 1082 1061)
4(1060 1061 1082 1081)
4(1020 1041 1083 1062)
4(1061 1062 1083 1082)
4(1021 1042 1084 1063)
4(1062 1063 1084 1083)
4(1022 1043 1085 1064)
4(1063 1064 1085 1084)
4(1023 1044 1086 1065)
4(1064 1065 1086 1085)
4(1024 1045 1087 1066)
4(1065 1066 1087 1086)
4(1025 1046 1088 1067)
4(1066 1067 1088 1087)
4(1026 1047 1089 1068)
4(1067 1068 1089 1088)
4(1027 1048 1090 1069)
4(1068 1069 1090 1089)
4(1069 1070 1091 1090)
4(1051 1072 1114 1093)
4(1092 1093 1114 1113)
4(1052 1073 1115 1094)
4(1093 1094 1115 1114)
4(1053 1074 1116 1095)
4(1094 1095 1116 1115)
4(1054 1075 1117 1096)
4(1095 1096 1117 1116)
4(1055 1076 1118 1097)
4(1096 1097 1118 1117)
4(1056 1077 1119 1098)
4(1097 1098 1119 1118)
4(1057 1078 1120 1099)
4(1098 1099 1120 1119)
4(1058 1079 1121 1100)
4(1099 1100 1121 1120)
4(1059 1080 1122 1101)
4(1100 1101 1122 1121)
4(1060 1081 1123 1102)
4(1101 1102 1123 1122)
4(1061 1082 1124 1103)
4(1102 1103 1124 1123)
4(1062 1083 1125 1104)
4(1103 1104 1125 1124)
4(1063 1084 1126 1105)
4(1104 1105 1126 1125)
4(1064 1085 1127 1106)
4(1105 1106 1127 1126)
4(1065 1086 1128 1107)
4(1106 1107 1128 1127)
4(1066 1087 1129 1108)
4(1107 1108 1129 1128)
4(1067 1088 1130 1109)
4(1108 1109 1130 1129)
4(1068 1089 1131 1110)
4(1109 1110 1131 1130)
4(1069 1090 1132 1111)
4(1110 1111 1132 1131)
4(1111 1112 1133 1132)
4(1093 1114 1156 1135)
4(1134 1135 1156 1155)
4(1094 1115 1157 1136)
4(1135 1136 1157 1156)
4(1095 1116 1158 1137)
4(1136 1137 1158 1157)
4(1096 1117 1159 1138)
4(1137 1138 1159 1158)
4(1097 1118 1160 1139)
4(1138 1139 1160 1159)
4(1098 1119 1161 1140)
4(1139 1140 1161 1160)
4(1099 1120 1162 1141)
4(1140 1141 1162 1161)
4(1100 1121 1163 1142)
4(1141 1142 1163 1162)
4(1101 1122 1164 1143)
4(1142 1143 1164 1163)
4(1102 1123 1165 1144)
4(1143 1144 1165 1164)
4(1103 1124 1166 1145)
4(1144 1145 1166 1165)
4(1104 1125 1167 1146)
4(1145 1146 1167 1166)
4(1105 1126 1168 1147)
4(1146 1147 1168 1167)
4(1106 1127 1169 1148)
4(1147 1148 1169 1168)
4(1107 1128 1170 1149)
4(1148 1149 1170 1169)
4(1108 1129 1171 1150)
4(1149 1150 1171 1170)
4(1109 1130 1172 1151)
4(1150 1151 1172 1171)
4(1110 1131 1173 1152)
4(1151 1152 1173 1172)
4(1111 1132 1174 1153)
4(1152 1153 1174 1173)
4(1153 1154 1175 1174)
4(1135 1156 1198 1177)
4(1176 1177 1198 1197)
4(1136 1157 1199 1178)
4(1177 1178 1199 1198)
4(1137 1158 1200 1179)
4(1178 1179 1200 1199)
4(1138 1159 1201 1180)
4(1179 1180 1201 1200)
4(1139 1160 1202 1181)
4(1180 1181 1202 1201)
4(1140 1161 1203 1182)
4(1181 1182 1203 1202)
4(1141 1162 1204 1183)
4(1182 1183 1204 1203)
4(1142 1163 1205 1184)
4(1183 1184 1205 1204)
4(1143 1164 1206 1185)
4(1184 1185 1206 1205)
4(1144 1165 1207 1186)
4(1185 1186 1207 1206)
4(1145 1166 1208 1187)
4(1186 1187 1208 1207)
4(1146 1167 1209 1188)
4(1187 1188 1209 1208)
4(1147 1168 1210 1189)
4(1188 1189 1210 1209)
4(1148 1169 1211 1190)
4(1189 1190 1211 1210)
4(1149 1170 1212 1191)
4(1190 1191 1212 1211)
4(1150 1171 1213 1192)
4(1191 1192 1213 1212)
4(1151 1172 1214 1193)
4(1192 1193 1214 1213)
4(1152 1173 1215 1194)
4(1193 1194 1215 1214)
4(1153 1174 1216 1195)
4(1194 1195 1216 1215)
4(1195 1196 1217 1216)
4(1177 1198 1240 1219)
4(1218 1219 1240 1239)
4(1178 1199 1241 1220)
4(1219 1220 1241 1240)
4(1179 1200 1242 1221)
4(1220 1221 1242 1241)
4(1180 1201 1243 1222)
4(1221 1222 1243 1242)
4(1181 1202 1244 1223)
4(1222 1223 1244 1243)
4(1182 1203 1245 1224)
4(1223 1224 1245 1244)
4(1183 1204 1246 1225)
4(1224 1225 1246 1245)
4(1184 1205 1247 1226)
4(1225 1226 1247 1246)
4(1185 1206 1248 1227)
4(1226 1227 1248 1247)
4(1186 1207 1249 1228)
4(1227 1228 1249 1248)
4(1187 1208 1250 1229)
4(1228 1229 1250 1249)
4(1188 1209 1251 1230)
4(1229 1230 1251 1250)
4(1189 1210 1252 1231)
4(1230 1231 1252 1251)
4(1190 1211 1253 1232)
4(1231 1232 1253 1252)
4(1191 1212 1254 1233)
4(1232 1233 1254 1253)
4(1192 1213 1255 1234)
4(1233 1234 1255 1254)
4(1193 1214 1256 1235)
4(1234 1235 1256 1255)
4(1194 1215 1257 1236)
4(1235 1236 1257 1256)
4(1195 1216 1258 1237)
4(1236 1237 1258 1257)
4(1237 1238 1259 1258)
4(1219 1240 1282 1261)
4(1260 1261 1282 1281)
4(1220 1241 1283 1262)
4(1261 1262 1283 1282)
4(1221 1242 1284 1263)
4(1262 1263 1284 1283)
4(1222 1243 1285 1264)
4(1263 1264 1285 1284)
4(1223 1244 1286 1265)
4(1264 1265 1286 1285)
4(1224 1245 1287 1266)
4(1265 1266 1287 1286)
4(1225 1246 1288 1267)
4(1266 1267 1288 1287)
4(1226 1247 1289 1268)
4(1267 1268 1289 1288)
4(1227 1248 1290 1269)
4(1268 1269 1290 1289)
4(1228 1249 1291 1270)
4(1269 1270 1291 1290)
4(1229 1250 1292 1271)
4(1270 1271 1292 1291)
4(1230 1251 1293 1272)
4(1271 1272 1293 1292)
4(1231 1252 1294 1273)
4(1272 1273 1294 1293)
4(1232 1253 1295 1274)
4(1273 1274 1295 1294)
4(1233 1254 1296 1275)
4(1274 1275 1296 1295)
4(1234 1255 1297 1276)
4(1275 1276 1297 1296)
4(1235 1256 1298 1277)
4(1276 1277 1298 1297)
4(1236 1257 1299 1278)
4(1277 1278 1299 1298)
4(1237 1258 1300 1279)
4(1278 1279 1300 1299)
4(1279 1280 1301 1300)
4(1261 1282 1324 1303)
4(1302 1303 1324 1323)
4(1262 1283 1325 1304)
4(1303 1304 1325 1324)
4(1263 1284 1326 1305)
4(1304 1305 1326 1325)
4(1264 1285 1327 1306)
4(1305 1306 1327 1326)
4(1265 1286 1328 1307)
4(1306 1307 1328 1327)
4(1266 1287 1329 1308)
4(1307 1308 1329 1328)
4(1267 1288 1330 1309)
4(1308 1309 1330 1329)
4(1268 1289 1331 1310)
4(1309 1310 1331 1330)
4(1269 1290 1332 1311)
4(1310 1311 1332 1331)
4(1270 1291 1333 1312)
4(1311 1312 1333 1332)
4(1271 1292 1334 1313)
4(1312 1313 1334 1333)
4(1272 1293 1335 1314)
4(1313 1314 1335 1334)
4(1273 1294 1336 1315)
4(1314 1315 1336 1335)
4(1274 1295 1337 1316)
4(1315 1316 1337 1336)
4(1275 1296 1338 1317)
4(1316 1317 1338 1337)
4(1276 1297 1339 1318)
4(1317 1318 1339 1338)
4(1277 1298 1340 1319)
4(1318 1319 1340 1339)
4(1278 1299 1341 1320)
4(1319 1320 1341 1340)
4(1279 1300 1342 1321)
4(1320 1321 1342 1341)
4(1321 1322 1343 1342)
4(1303 1324 1366 1345)
4(1344 1345 1366 1365)
4(1304 1325 1367 1346)
4(1345 1346 1367 1366)
4(1305 1326 1368 1347)
4(1346 1347 1368 1367)
4(1306 1327 1369 1348)
4(1347 1348 1369 1368)
4(1307 1328 1370 1349)
4(1348 1349 1370 1369)
4(1308 1329 1371 1350)
4(1349 1350 1371 1370)
4(1309 1330 1372 1351)
4(1350 1351 1372 1371)
4(1310 1331 1373 1352)
4(1351 1352 1373 1372)
4(1311 1332 1374 1353)
4(1352 1353 1374 1373)
4(1312 1333 1375 1354)
4(1353 1354 1375 1374)
4(1313 1334 1376 1355)
4(1354 1355 1376 1375)
4(1314 1335 1377 1356)
4(1355 1356 1377 1376)
4(1315 1336 1378 1357)
4(1356 1357 1378 1377)
4(1316 1337 1379 1358)
4(1357 1358 1379 1378)
4(1317 1338 1380 1359)
4(1358 1359 1380 1379)
4(1318 1339 1381 1360)
4(1359 1360 1381 1380)
4(1319 1340 1382 1361)
4(1360 1361 1382 1381)
4(1320 1341 1383 1362)
4(1361 1362 1383 1382)
4(1321 1342 1384 1363)
4(1362 1363 1384 1383)
4(1363 1364 1385 1384)
4(1345 1366 1408 1387)
4(1386 1387 1408 1407)
4(1346 1367 1409 1388)
4(1387 1388 1409 1408)
4(1347 1368 1410 1389)
4(1388 1389 1410 1409)
4(1348 1369 1411 1390)
4(1389 1390 1411 1410)
4(1349 1370 1412 1391)
4(1390 1391 1412 1411)
4(1350 1371 1413 1392)
4(1391 1392 1413 1412)
4(1351 1372 1414 1393)
4(1392 1393 1414 1413)
4(1352 1373 1415 1394)
4(1393 1394 1415 1414)
4(1353 1374 1416 1395)
4(1394 1395 1416 1415)
4(1354 1375 1417 1396)
4(1395 1396 1417 1416)
4(1355 1376 1418 1397)
4(1396 1397 1418 1417)
4(1356 1377 1419 1398)
4(1397 1398 1419 1418)
4(1357 1378 1420 1399)
4(1398 1399 1420 1419)
4(1358 1379 1421 1400)
4(1399 1400 1421 1420)
4(1359 1380 1422 1401)
4(1400 1401 1422 1421)
4(1360 1381 1423 1402)
4(1401 1402 1423 1422)
4(1361 1382 1424 1403)
4(1402 1403 1424 1423)
4(1362 1383 1425 1404)
4(1403 1404 1425 1424)
4(1363 1384 1426 1405)
4(1404 1405 1426 1425)
4(1405 1406 1427 1426)
4(1387 1408 1450 1429)
4(1428 1429 1450 1449)
4(1388 1409 1451 1430)
4(1429 1430 1451 1450)
4(1389 1410 1452 1431)
4(1430 1431 1452 1451)
4(1390 1411 1453 1432)
4(1431 1432 1453 1452)
4(1391 1412 1454 1433)
4(1432 1433 1454 1453)
4(1392 1413 1455 1434)
4(1433 1434 1455 1454)
4(1393 1414 1456 1435)
4(1434 1435 1456 1455)
4(1394 1415 1457 1436)
4(1435 1436 1457 1456)
4(1395 1416 1458 1437)
4(1436 1437 1458 1457)
4(1396 1417 1459 1438)
4(1437 1438 1459 1458)
4(1397 1418 1460 1439)
4(1438 1439 1460 1459)
4(1398 1419 1461 1440)
4(1439 1440 1461 1460)
4(1399 1420 1462 1441)
4(1440 1441 1462 1461)
4(1400 1421 1463 1442)
4(1441 1442 1463 1462)
4(1401 1422 1464 1443)
4(1442 1443 1464 1463)
4(1402 1423 1465 1444)
4(1443 1444 1465 1464)
4(1403 1424 1466 1445)
4(1444 1445 1466 1465)
4(1404 1425 1467 1446)
4(1445 1446 1467 1466)
4(1405 1426 1468 1447)
4(1446 1447 1468 1467)
4(1447 1448 1469 1468)
4(1429 1450 1492 1471)
4(1470 1471 1492 1491)
4(1430 1451 1493 1472)
4(1471 1472 1493 1492)
4(1431 1452 1494 1473)
4(1472 1473 1494 1493)
4(1432 1453 1495 1474)
4(1473 1474 1495 1494)
4(1433 1454 1496 1475)
4(1474 1475 1496 1495)
4(1434 1455 1497 1476)
4(1475 1476 1497 1496)
4(1435 1456 1498 1477)
4(1476 1477 1498 1497)
4(1436 1457 1499 1478)
4(1477 1478 1499 1498)
4(1437 1458 1500 1479)
4(1478 1479 1500 1499)
4(1438 1459 1501 1480)
4(1479 1480 1501 1500)
4(1439 1460 1502 1481)
4(1480 1481 1502 1501)
4(1440 1461 1503 1482)
4(1481 1482 1503 1502)
4(1441 1462 1504 1483)
4(1482 1483 1504 1503)
4(1442 1463 1505 1484)
4(1483 1484 1505 1504)
4(1443 1464 1506 1485)
4(1484 1485 1506 1505)
4(1444 1465 1507 1486)
4(1485 1486 1507 1506)
4(1445 1466 1508 1487)
4(1486 1487 1508 1507)
4(1446 1467 1509 1488)
4(1487 1488 1509 1508)
4(1447 1468 1510 1489)
4(1488 1489 1510 1509)
4(1489 1490 1511 1510)
4(1471 1492 1534 1513)
4(1512 1513 1534 1533)
4(1472 1493 1535 1514)
4(1513 1514 1535 1534)
4(1473 1494 1536 1515)
4(1514 1515 1536 1535)
4(1474 1495 1537 1516)
4(1515 1516 1537 1536)
4(1475 1496 1538 1517)
4(1516 1517 1538 1537)
4(1476 1497 1539 1518)
4(1517 1518 1539 1538)
4(1477 1498 1540 1519)
4(1518 1519 1540 1539)
4(1478 1499 1541 1520)
4(1519 1520 1541 1540)
4(1479 1500 1542 1521)
4(1520 1521 1542 1541)
4(1480 1501 1543 1522)
4(1521 1522 1543 1542)
4(1481 1502 1544 1523)
4(1522 1523 1544 1543)
4(1482 1503 1545 1524)
4(1523 1524 1545 1544)
4(1483 1504 1546 1525)
4(1524 1525 1546 1545)
4(1484 1505 1547 1526)
4(1525 1526 1547 1546)
4(1485 1506 1548 1527)
4(1526 1527 1548 1547)
4(1486 1507 1549 1528)
4(1527 1528 1549 1548)
4(1487 1508 1550 1529)
4(1528 1529 1550 1549)
4(1488 1509 1551 1530)
4(1529 1530 1551 1550)
4(1489 1510 1552 1531)
4(1530 1531 1552 1551)
4(1531 1532 1553 1552)
4(1513 1534 1576 1555)
4(1554 1555 1576 1575)
4(1514 1535 1577 1556)
4(1555 1556 1577 1576)
4(1515 1536 1578 1557)
4(1556 1557 1578 1577)
4(1516 1537 1579 1558)
4(1557 1558 1579 1578)
4(1517 1538 1580 1559)
4(1558 1559 1580 1579)
4(1518 1539 1581 1560)
4(1559 1560 1581 1580)
4(1519 1540 1582 1561)
4(1560 1561 1582 1581)
4(1520 1541 1583 1562)
4(1561 1562 1583 1582)
4(1521 1542 1584 1563)
4(1562 1563 1584 1583)
4(1522 1543 1585 1564)
4(1563 1564 1585 1584)
4(1523 1544 1586 1565)
4(1564 1565 1586 1585)
4(1524 1545 1587 1566)
4(1565 1566 1587 1586)
4(1525 1546 1588 1567)
4(1566 1567 1588 1587)
4(1526 1547 1589 1568)
4(1567 1568 1589 1588)
4(1527 1548 1590 1569)
4(1568 1569 1590 1589)
4(1528 1549 1591 1570)
4(1569 1570 1591 1590)
4(1529 1550 1592 1571)
4(1570 1571 1592 1591)
4(1530 1551 1593 1572)
4(1571 1572 1593 1592)
4(1531 1552 1594 1573)
4(1572 1573 1594 1593)
4(1573 1574 1595 1594)
4(1555 1576 1618 1597)
4(1596 1597 1618 1617)
4(1556 1577 1619 1598)
4(1597 1598 1619 1618)
4(1557 1578 1620 1599)
4(1598 1599 1620 1619)
4(1558 1579 1621 1600)
4(1599 1600 1621 1620)
4(1559 1580 1622 1601)
4(1600 1601 1622 1621)
4(1560 1581 1623 1602)
4(1601 1602 1623 1622)
4(1561 1582 1624 1603)
4(1602 1603 1624 1623)
4(1562 1583 1625 1604)
4(1603 1604 1625 1624)
4(1563 1584 1626 1605)
4(1604 1605 1626 1625)
4(1564 1585 1627 1606)
4(1605 1606 1627 1626)
4(1565 1586 1628 1607)
4(1606 1607 1628 1627)
4(1566 1587 1629 1608)
4(1607 1608 1629 1628)
4(1567 1588 1630 1609)
4(1608 1609 1630 1629)
4(1568 1589 1631 1610)
4(1609 1610 1631 1630)
4(1569 1590 1632 1611)
4(1610 1611 1632 1631)
4(1570 1591 1633 1612)
4(1611 1612 1633 1632)
4(1571 1592 1634 1613)
4(1612 1613 1634 1633)
4(1572 1593 1635 1614)
4(1613 1614 1635 1634)
4(1573 1594 1636 1615)
4(1614 1615 1636 1635)
4(1615 1616 1637 1636)
4(1597 1618 1660 1639)
4(1638 1639 1660 1659)
4(1598 1619 1661 1640)
4(1639 1640 1661 1660)
4(1599 1620 1662 1641)
4(1640 1641 1662 1661)
4(1600 1621 1663 1642)
4(1641 1642 1663 1662)
4(1601 1622 1664 1643)
4(1642 1643 1664 1663)
4(1602 1623 1665 1644)
4(1643 1644 1665 1664)
4(1603 1624 1666 1645)
4(1644 1645 1666 1665)
4(1604 1625 1667 1646)
4(1645 1646 1667 1666)
4(1605 1626 1668 1647)
4(1646 1647 1668 1667)
4(1606 1627 1669 1648)
4(1647 1648 1669 1668)
4(1607 1628 1670 1649)
4(1648 1649 1670 1669)
4(1608 1629 1671 1650)
4(1649 1650 1671 1670)
4(1609 1630 1672 1651)
4(1650 1651 1672 1671)
4(1610 1631 1673 1652)
4(1651 1652 1673 1672)
4(1611 1632 1674 1653)
4(1652 1653 1674 1673)
4(1612 1633 1675 1654)
4(1653 1654 1675 1674)
4(1613 1634 1676 1655)
4(1654 1655 1676 1675)
4(1614 1635 1677 1656)
4(1655 1656 1677 1676)
4(1615 1636 1678 1657)
4(1656 1657 1678 1677)
4(1657 1658 1679 1678)
4(1639 1660 1702 1681)
4(1680 1681 1702 1701)
4(1640 1661 1703 1682)
4(1681 1682 1703 1702)
4(1641 1662 1704 1683)
4(1682 1683 1704 1703)
4(1642 1663 1705 1684)
4(1683 1684 1705 1704)
4(1643 1664 1706 1685)
4(1684 1685 1706 1705)
4(1644 1665 1707 1686)
4(1685 1686 1707 1706)
4(1645 1666 1708 1687)
4(1686 1687 1708 1707)
4(1646 1667 1709 1688)
4(1687 1688 1709 1708)
4(1647 1668 1710 1689)
4(1688 1689 1710 1709)
4(1648 1669 1711 1690)
4(1689 1690 1711 1710)
4(1649 1670 1712 1691)
4(1690 1691 1712 1711)
4(1650 1671 1713 1692)
4(1691 1692 1713 1712)
4(1651 1672 1714 1693)
4(1692 1693 1714 1713)
4(1652 1673 1715 1694)
4(1693 1694 1715 1714)
4(1653 1674 1716 1695)
4(1694 1695 1716 1715)
4(1654 1675 1717 1696)
4(1695 1696 1717 1716)
4(1655 1676 1718 1697)
4(1696 1697 1718 1717)
4(1656 1677 1719 1698)
4(1697 1698 1719 1718)
4(1657 1678 1720 1699)
4(1698 1699 1720 1719)
4(1699 1700 1721 1720)
4(1681 1702 1744 1723)
4(1722 1723 1744 1743)
4(1682 1703 1745 1724)
4(1723 1724 1745 1744)
4(1683 1704 1746 1725)
4(1724 1725 1746 1745)
4(1684 1705 1747 1726)
4(1725 1726 1747 1746)
4(1685 1706 1748 1727)
4(1726 1727 1748 1747)
4(1686 1707 1749 1728)
4(1727 1728 1749 1748)
4(1687 1708 1750 1729)
4(1728 1729 1750 1749)
4(1688 1709 1751 1730)
4(1729 1730 1751 1750)
4(1689 1710 1752 1731)
4(1730 1731 1752 1751)
4(1690 1711 1753 1732)
4(1731 1732 1753 1752)
4(1691 1712 1754 1733)
4(1732 1733 1754 1753)
4(1692 1713 1755 1734)
4(1733 1734 1755 1754)
4(1693 1714 1756 1735)
4(1734 1735 1756 1755)
4(1694 1715 1757 1736)
4(1735 1736 1757 1756)
4(1695 1716 1758 1737)
4(1736 1737 1758 1757)
4(1696 1717 1759 1738)
4(1737 1738 1759 1758)
4(1697 1718 1760 1739)
4(1738 1739 1760 1759)
4(1698 1719 1761 1740)
4(1739 1740 1761 1760)
4(1699 1720 1762 1741)
4(1740 1741 1762 1761)
4(1741 1742 1763 1762)
4(1723 1744 1786 1765)
4(1764 1765 1786 1785)
4(1724 1745 1787 1766)
4(1765 1766 1787 1786)
4(1725 1746 1788 1767)
4(1766 1767 1788 1787)
4(1726 1747 1789 1768)
4(1767 1768 1789 1788)
4(1727 1748 1790 1769)
4(1768 1769 1790 1789)
4(1728 1749 1791 1770)
4(1769 1770 1791 1790)
4(1729 1750 1792 1771)
4(1770 1771 1792 1791)
4(1730 1751 1793 1772)
4(1771 1772 1793 1792)
4(1731 1752 1794 1773)
4(1772 1773 1794 1793)
4(1732 1753 1795 1774)
4(1773 1774 1795 1794)
4(1733 1754 1796 1775)
4(1774 1775 1796 1795)
4(1734 1755 1797 1776)
4(1775 1776 1797 1796)
4(1735 1756 1798 1777)
4(1776 1777 1798 1797)
4(1736 1757 1799 1778)
4(1777 1778 1799 1798)
4(1737 1758 1800 1779)
4(1778 1779 1800 1799)
4(1738 1759 1801 1780)
4(1779 1780 1801 1800)
4(1739 1760 1802 1781)
4(1780 1781 1802 1801)
4(1740 1761 1803 1782)
4(1781 1782 1803 1802)
4(1741 1762 1804 1783)
4(1782 1783 1804 1803)
4(1783 1784 1805 1804)
4(1765 1786 1828 1807)
4(1806 1807 1828 1827)
4(1766 1787 1829 1808)
4(1807 1808 1829 1828)
4(1767 1788 1830 1809)
4(1808 1809 1830 1829)
4(1768 1789 1831 1810)
4(1809 1810 1831 1830)
4(1769 1790 1832 1811)
4(1810 1811 1832 1831)
4(1770 1791 1833 1812)
4(1811 1812 1833 1832)
4(1771 1792 1834 1813)
4(1812 1813 1834 1833)
4(1772 1793 1835 1814)
4(1813 1814 1835 1834)
4(1773 1794 1836 1815)
4(1814 1815 1836 1835)
4(1774 1795 1837 1816)
4(1815 1816 1837 1836)
4(1775 1796 1838 1817)
4(1816 1817 1838 1837)
4(1776 1797 1839 1818)
4(1817 1818 1839 1838)
4(1777 1798 1840 1819)
4(1818 1819 1840 1839)
4(1778 1799 1841 1820)
4(1819 1820 1841 1840)
4(1779 1800 1842 1821)
4(1820 1821 1842 1841)
4(1780 1801 1843 1822)
4(1821 1822 1843 1842)
4(1781 1802 1844 1823)
4(1822 1823 1844 1843)
4(1782 1803 1845 1824)
4(1823 1824 1845 1844)
4(1783 1804 1846 1825)
4(1824 1825 1846 1845)
4(1825 1826 1847 1846)
4(1807 1828 1870 1849)
4(1848 1849 1870 1869)
4(1808 1829 1871 1850)
4(1849 1850 1871 1870)
4(1809 1830 1872 1851)
4(1850 1851 1872 1871)
4(1810 1831 1873 1852)
4(1851 1852 1873 1872)
4(1811 1832 1874 1853)
4(1852 1853 1874 1873)
4(1812 1833 1875 1854)
4(1853 1854 1875 1874)
4(1813 1834 1876 1855)
4(1854 1855 1876 1875)
4(1814 1835 1877 1856)
4(1855 1856 1877 1876)
4(1815 1836 1878 1857)
4(1856 1857 1878 1877)
4(1816 1837 1879 1858)
4(1857 1858 1879 1878)
4(1817 1838 1880 1859)
4(1858 1859 1880 1879)
4(1818 1839 1881 1860)
4(1859 1860 1881 1880)
4(1819 1840 1882 1861)
4(1860 1861 1882 1881)
4(1820 1841 1883 1862)
4(1861 1862 1883 1882)
4(1821 1842 1884 1863)
4(1862 1863 1884 1883)
4(1822 1843 1885 1864)
4(1863 1864 1885 1884)
4(1823 1844 1886 1865)
4(1864 1865 1886 1885)
4(1824 1845 1887 1866)
4(1865 1866 1887 1886)
4(1825 1846 1888 1867)
4(1866 1867 1888 1887)
4(1867 1868 1889 1888)
4(1849 1870 1912 1891)
4(1890 1891 1912 1911)
4(1850 1871 1913 1892)
4(1891 1892 1913 1912)
4(1851 1872 1914 1893)
4(1892 1893 1914 1913)
4(1852 1873 1915 1894)
4(1893 1894 1915 1914)
4(1853 1874 1916 1895)
4(1894 1895 1916 1915)
4(1854 1875 1917 1896)
4(1895 1896 1917 1916)
4(1855 1876 1918 1897)
4(1896 1897 1918 1917)
4(1856 1877 1919 1898)
4(1897 1898 1919 1918)
4(1857 1878 1920 1899)
4(1898 1899 1920 1919)
4(1858 1879 1921 1900)
4(1899 1900 1921 1920)
4(1859 1880 1922 1901)
4(1900 1901 1922 1921)
4(1860 1881 1923 1902)
4(1901 1902 1923 1922)
4(1861 1882 1924 1903)
4(1902 1903 1924 1923)
4(1862 1883 1925 1904)
4(1903 1904 1925 1924)
4(1863 1884 1926 1905)
4(1904 1905 1926 1925)
4(1864 1885 1927 1906)
4(1905 1906 1927 1926)
4(1865 1886 1928 1907)
4(1906 1907 1928 1927)
4(1866 1887 1929 1908)
4(1907 1908 1929 1928)
4(1867 1888 1930 1909)
4(1908 1909 1930 1929)
4(1909 1910 1931 1930)
4(1891 1912 1954 1933)
4(1932 1933 1954 1953)
4(1892 1913 1955 1934)
4(1933 1934 1955 1954)
4(1893 1914 1956 1935)
4(1934 1935 1956 1955)
4(1894 1915 1957 1936)
4(1935 1936 1957 1956)
4(1895 1916 1958 1937)
4(1936 1937 1958 1957)
4(1896 1917 1959 1938)
4(1937 1938 1959 1958)
4(1897 1918 1960 1939)
4(1938 1939 1960 1959)
4(1898 1919 1961 1940)
4(1939 1940 1961 1960)
4(1899 1920 1962 1941)
4(1940 1941 1962 1961)
4(1900 1921 1963 1942)
4(1941 1942 1963 1962)
4(1901 1922 1964 1943)
4(1942 1943 1964 1963)
4(1902 1923 1965 1944)
4(1943 1944 1965 1964)
4(1903 1924 1966 1945)
4(1944 1945 1966 1965)
4(1904 1925 1967 1946)
4(1945 1946 1967 1966)
4(1905 1926 1968 1947)
4(1946 1947 1968 1967)
4(1906 1927 1969 1948)
4(1947 1948 1969 1968)
4(1907 1928 1970 1949)
4(1948 1949 1970 1969)
4(1908 1929 1971 1950)
4(1949 1950 1971 1970)
4(1909 1930 1972 1951)
4(1950 1951 1972 1971)
4(1951 1952 1973 1972)
4(1933 1954 1996 1975)
4(1974 1975 1996 1995)
4(1934 1955 1997 1976)
4(1975 1976 1997 1996)
4(1935 1956 1998 1977)
4(1976 1977 1998 1997)
4(1936 1957 1999 1978)
4(1977 1978 1999 1998)
4(1937 1958 2000 1979)
4(1978 1979 2000 1999)
4(1938 1959 2001 1980)
4(1979 1980 2001 2000)
4(1939 1960 2002 1981)
4(1980 1981 2002 2001)
4(1940 1961 2003 1982)
4(1981 1982 2003 2002)
4(1941 1962 2004 1983)
4(1982 1983 2004 2003)
4(1942 1963 2005 1984)
4(1983 1984 2005 2004)
4(1943 1964 2006 1985)
4(1984 1985 2006 2005)
4(1944 1965 2007 1986)
4(1985 1986 2007 2006)
4(1945 1966 2008 1987)
4(1986 1987 2008 2007)
4(1946 1967 2009 1988)
4(1987 1988 2009 2008)
4(1947 1968 2010 1989)
4(1988 1989 2010 2009)
4(1948 1969 2011 1990)
4(1989 1990 2011 2010)
4(1949 1970 2012 1991)
4(1990 1991 2012 2011)
4(1950 1971 2013 1992)
4(1991 1992 2013 2012)
4(1951 1972 2014 1993)
4(1992 1993 2014 2013)
4(1993 1994 2015 2014)
4(1975 1996 2038 2017)
4(2016 2017 2038 2037)
4(1976 1997 2039 2018)
4(2017 2018 2039 2038)
4(1977 1998 2040 2019)
4(2018 2019 2040 2039)
4(1978 1999 2041 2020)
4(2019 2020 2041 2040)
4(1979 2000 2042 2021)
4(2020 2021 2042 2041)
4(1980 2001 2043 2022)
4(2021 2022 2043 2042)
4(1981 2002 2044 2023)
4(2022 2023 2044 2043)
4(1982 2003 2045 2024)
4(2023 2024 2045 2044)
4(1983 2004 2046 2025)
4(2024 2025 2046 2045)
4(1984 2005 2047 2026)
4(2025 2026 2047 2046)
4(1985 2006 2048 2027)
4(2026 2027 2048 2047)
4(1986 2007 2049 2028)
4(2027 2028 2049 2048)
4(1987 2008 2050 2029)
4(2028 2029 2050 2049)
4(1988 2009 2051 2030)
4(2029 2030 2051 2050)
4(1989 2010 2052 2031)
4(2030 2031 2052 2051)
4(1990 2011 2053 2032)
4(2031 2032 2053 2052)
4(1991 2012 2054 2033)
4(2032 2033 2054 2053)
4(1992 2013 2055 2034)
4(2033 2034 2055 2054)
4(1993 2014 2056 2035)
4(2034 2035 2056 2055)
4(2035 2036 2057 2056)
4(2017 2038 2080 2059)
4(2058 2059 2080 2079)
4(2018 2039 2081 2060)
4(2059 2060 2081 2080)
4(2019 2040 2082 2061)
4(2060 2061 2082 2081)
4(2020 2041 2083 2062)
4(2061 2062 2083 2082)
4(2021 2042 2084 2063)
4(2062 2063 2084 2083)
4(2022 2043 2085 2064)
4(2063 2064 2085 2084)
4(2023 2044 2086 2065)
4(2064 2065 2086 2085)
4(2024 2045 2087 2066)
4(2065 2066 2087 2086)
4(2025 2046 2088 2067)
4(2066 2067 2088 2087)
4(2026 2047 2089 2068)
4(2067 2068 2089 2088)
4(2027 2048 2090 2069)
4(2068 2069 2090 2089)
4(2028 2049 2091 2070)
4(2069 2070 2091 2090)
4(2029 2050 2092 2071)
4(2070 2071 2092 2091)
4(2030 2051 2093 2072)
4(2071 2072 2093 2092)
4(2031 2052 2094 2073)
4(2072 2073 2094 2093)
4(2032 2053 2095 2074)
4(2073 2074 2095 2094)
4(2033 2054 2096 2075)
4(2074 2075 2096 2095)
4(2034 2055 2097 2076)
4(2075 2076 2097 2096)
4(2035 2056 2098 2077)
4(2076 2077 2098 2097)
4(2077 2078 2099 2098)
4(2059 2080 2122 2101)
4(2060 2081 2123 2102)
4(2061 2082 2124 2103)
4(2062 2083 2125 2104)
4(2063 2084 2126 2105)
4(2064 2085 2127 2106)
4(2065 2086 2128 2107)
4(2066 2087 2129 2108)
4(2067 2088 2130 2109)
4(2068 2089 2131 2110)
4(2069 2090 2132 2111)
4(2070 2091 2133 2112)
4(2071 2092 2134 2113)
4(2072 2093 2135 2114)
4(2073 2094 2136 2115)
4(2074 2095 2137 2116)
4(2075 2096 2138 2117)
4(2076 2097 2139 2118)
4(2077 2098 2140 2119)
4(0 21 22 1)
4(1 22 23 2)
4(2 23 24 3)
4(3 24 25 4)
4(4 25 26 5)
4(5 26 27 6)
4(6 27 28 7)
4(7 28 29 8)
4(8 29 30 9)
4(9 30 31 10)
4(10 31 32 11)
4(11 32 33 12)
4(12 33 34 13)
4(13 34 35 14)
4(14 35 36 15)
4(15 36 37 16)
4(16 37 38 17)
4(17 38 39 18)
4(18 39 40 19)
4(19 40 41 20)
4(2100 2101 2122 2121)
4(2101 2102 2123 2122)
4(2102 2103 2124 2123)
4(2103 2104 2125 2124)
4(2104 2105 2126 2125)
4(2105 2106 2127 2126)
4(2106 2107 2128 2127)
4(2107 2108 2129 2128)
4(2108 2109 2130 2129)
4(2109 2110 2131 2130)
4(2110 2111 2132 2131)
4(2111 2112 2133 2132)
4(2112 2113 2134 2133)
4(2113 2114 2135 2134)
4(2114 2115 2136 2135)
4(2115 2116 2137 2136)
4(2116 2117 2138 2137)
4(2117 2118 2139 2138)
4(2118 2119 2140 2139)
4(2119 2120 2141 2140)
4(20 41 83 62)
4(62 83 125 104)
4(104 125 167 146)
4(146 167 209 188)
4(188 209 251 230)
4(230 251 293 272)
4(272 293 335 314)
4(314 335 377 356)
4(356 377 419 398)
4(398 419 461 440)
4(440 461 503 482)
4(482 503 545 524)
4(524 545 587 566)
4(566 587 629 608)
4(608 629 671 650)
4(650 671 713 692)
4(692 713 755 734)
4(734 755 797 776)
4(776 797 839 818)
4(818 839 881 860)
4(860 881 923 902)
4(902 923 965 944)
4(944 965 1007 986)
4(986 1007 1049 1028)
4(1028 1049 1091 1070)
4(1070 1091 1133 1112)
4(1112 1133 1175 1154)
4(1154 1175 1217 1196)
4(1196 1217 1259 1238)
4(1238 1259 1301 1280)
4(1280 1301 1343 1322)
4(1322 1343 1385 1364)
4(1364 1385 1427 1406)
4(1406 1427 1469 1448)
4(1448 1469 1511 1490)
4(1490 1511 1553 1532)
4(1532 1553 1595 1574)
4(1574 1595 1637 1616)
4(1616 1637 1679 1658)
4(1658 1679 1721 1700)
4(1700 1721 1763 1742)
4(1742 1763 1805 1784)
4(1784 1805 1847 1826)
4(1826 1847 1889 1868)
4(1868 1889 1931 1910)
4(1910 1931 1973 1952)
4(1952 1973 2015 1994)
4(1994 2015 2057 2036)
4(2036 2057 2099 2078)
4(2078 2099 2141 2120)
4(0 42 63 21)
4(42 84 105 63)
4(84 126 147 105)
4(126 168 189 147)
4(168 210 231 189)
4(210 252 273 231)
4(252 294 315 273)
4(294 336 357 315)
4(336 378 399 357)
4(378 420 441 399)
4(420 462 483 441)
4(462 504 525 483)
4(504 546 567 525)
4(546 588 609 567)
4(588 630 651 609)
4(630 672 693 651)
4(672 714 735 693)
4(714 756 777 735)
4(756 798 819 777)
4(798 840 861 819)
4(840 882 903 861)
4(882 924 945 903)
4(924 966 987 945)
4(966 1008 1029 987)
4(1008 1050 1071 1029)
4(1050 1092 1113 1071)
4(1092 1134 1155 1113)
4(1134 1176 1197 1155)
4(1176 1218 1239 1197)
4(1218 1260 1281 1239)
4(1260 1302 1323 1281)
4(1302 1344 1365 1323)
4(1344 1386 1407 1365)
4(1386 1428 1449 1407)
4(1428 1470 1491 1449)
4(1470 1512 1533 1491)
4(1512 1554 1575 1533)
4(1554 1596 1617 1575)
4(1596 1638 1659 1617)
4(1638 1680 1701 1659)
4(1680 1722 1743 1701)
4(1722 1764 1785 1743)
4(1764 1806 1827 1785)
4(1806 1848 1869 1827)
4(1848 1890 1911 1869)
4(1890 1932 1953 1911)
4(1932 1974 1995 1953)
4(1974 2016 2037 1995)
4(2016 2058 2079 2037)
4(2058 2100 2121 2079)
4(0 1 43 42)
4(42 43 85 84)
4(84 85 127 126)
4(126 127 169 168)
4(168 169 211 210)
4(210 211 253 252)
4(252 253 295 294)
4(294 295 337 336)
4(336 337 379 378)
4(378 379 421 420)
4(420 421 463 462)
4(462 463 505 504)
4(504 505 547 546)
4(546 547 589 588)
4(588 589 631 630)
4(630 631 673 672)
4(672 673 715 714)
4(714 715 757 756)
4(756 757 799 798)
4(798 799 841 840)
4(840 841 883 882)
4(882 883 925 924)
4(924 925 967 966)
4(966 967 1009 1008)
4(1008 1009 1051 1050)
4(1050 1051 1093 1092)
4(1092 1093 1135 1134)
4(1134 1135 1177 1176)
4(1176 1177 1219 1218)
4(1218 1219 1261 1260)
4(1260 1261 1303 1302)
4(1302 1303 1345 1344)
4(1344 1345 1387 1386)
4(1386 1387 1429 1428)
4(1428 1429 1471 1470)
4(1470 1471 1513 1512)
4(1512 1513 1555 1554)
4(1554 1555 1597 1596)
4(1596 1597 1639 1638)
4(1638 1639 1681 1680)
4(1680 1681 1723 1722)
4(1722 1723 1765 1764)
4(1764 1765 1807 1806)
4(1806 1807 1849 1848)
4(1848 1849 1891 1890)
4(1890 1891 1933 1932)
4(1932 1933 1975 1974)
4(1974 1975 2017 2016)
4(2016 2017 2059 2058)
4(2058 2059 2101 2100)
4(1 2 44 43)
4(43 44 86 85)
4(85 86 128 127)
4(127 128 170 169)
4(169 170 212 211)
4(211 212 254 253)
4(253 254 296 295)
4(295 296 338 337)
4(337 338 380 379)
4(379 380 422 421)
4(421 422 464 463)
4(463 464 506 505)
4(505 506 548 547)
4(547 548 590 589)
4(589 590 632 631)
4(631 632 674 673)
4(673 674 716 715)
4(715 716 758 757)
4(757 758 800 799)
4(799 800 842 841)
4(841 842 884 883)
4(883 884 926 925)
4(925 926 968 967)
4(967 968 1010 1009)
4(1009 1010 1052 1051)
4(1051 1052 1094 1093)
4(1093 1094 1136 1135)
4(1135 1136 1178 1177)
4(1177 1178 1220 1219)
4(1219 1220 1262 1261)
4(1261 1262 1304 1303)
4(1303 1304 1346 1345)
4(1345 1346 1388 1387)
4(1387 1388 1430 1429)
4(1429 1430 1472 1471)
4(1471 1472 1514 1513)
4(1513 1514 1556 1555)
4(1555 1556 1598 1597)
4(1597 1598 1640 1639)
4(1639 1640 1682 1681)
4(1681 1682 1724 1723)
4(1723 1724 1766 1765)
4(1765 1766 1808 1807)
4(1807 1808 1850 1849)
4(1849 1850 1892 1891)
4(1891 1892 1934 1933)
4(1933 1934 1976 1975)
4(1975 1976 2018 2017)
4(2017 2018 2060 2059)
4(2059 2060 2102 2101)
4(2 3 45 44)
4(44 45 87 86)
4(86 87 129 128)
4(128 129 171 170)
4(170 171 213 212)
4(212 213 255 254)
4(254 255 297 296)
4(296 297 339 338)
4(338 339 381 380)
4(380 381 423 422)
4(422 423 465 464)
4(464 465 507 506)
4(506 507 549 548)
4(548 549 591 590)
4(590 591 633 632)
4(632 633 675 674)
4(674 675 717 716)
4(716 717 759 758)
4(758 759 801 800)
4(800 801 843 842)
4(842 843 885 884)
4(884 885 927 926)
4(926 927 969 968)
4(968 969 1011 1010)
4(1010 1011 1053 1052)
4(1052 1053 1095 1094)
4(1094 1095 1137 1136)
4(1136 1137 1179 1178)
4(1178 1179 1221 1220)
4(1220 1221 1263 1262)
4(1262 1263 1305 1304)
4(1304 1305 1347 1346)
4(1346 1347 1389 1388)
4(1388 1389 1431 1430)
4(1430 1431 1473 1472)
4(1472 1473 1515 1514)
4(1514 1515 1557 1556)
4(1556 1557 1599 1598)
4(1598 1599 1641 1640)
4(1640 1641 1683 1682)
4(1682 1683 1725 1724)
4(1724 1725 1767 1766)
4(1766 1767 1809 1808)
4(1808 1809 1851 1850)
4(1850 1851 1893 1892)
4(1892 1893 1935 1934)
4(1934 1935 1977 1976)
4(1976 1977 2019 2018)
4(2018 2019 2061 2060)
4(2060 2061 2103 2102)
4(3 4 46 45)
4(45 46 88 87)
4(87 88 130 129)
4(129 130 172 171)
4(171 172 214 213)
4(213 214 256 255)
4(255 256 298 297)
4(297 298 340 339)
4(339 340 382 381)
4(381 382 424 423)
4(423 424 466 465)
4(465 466 508 507)
4(507 508 550 549)
4(549 550 592 591)
4(591 592 634 633)
4(633 634 676 675)
4(675 676 718 717)
4(717 718 760 759)
4(759 760 802 801)
4(801 802 844 843)
4(843 844 886 885)
4(885 886 928 927)
4(927 928 970 969)
4(969 970 1012 1011)
4(1011 1012 1054 1053)
4(1053 1054 1096 1095)
4(1095 1096 1138 1137)
4(1137 1138 1180 1179)
4(1179 1180 1222 1221)
4(1221 1222 1264 1263)
4(1263 1264 1306 1305)
4(1305 1306 1348 1347)
4(1347 1348 1390 1389)
4(1389 1390 1432 1431)
4(1431 1432 1474 1473)
4(1473 1474 1516 1515)
4(1515 1516 1558 1557)
4(1557 1558 1600 1599)
4(1599 1600 1642 1641)
4(1641 1642 1684 1683)
4(1683 1684 1726 1725)
4(1725 1726 1768 1767)
4(1767 1768 1810 1809)
4(1809 1810 1852 1851)
4(1851 1852 1894 1893)
4(1893 1894 1936 1935)
4(1935 1936 1978 1977)
4(1977 1978 2020 2019)
4(2019 2020 2062 2061)
4(2061 2062 2104 2103)
4(4 5 47 46)
4(46 47 89 88)
4(88 89 131 130)
4(130 131 173 172)
4(172 173 215 214)
4(214 215 257 256)
4(256 257 299 298)
4(298 299 341 340)
4(340 341 383 382)
4(382 383 425 424)
4(424 425 467 466)
4(466 467 509 508)
4(508 509 551 550)
4(550 551 593 592)
4(592 593 635 634)
4(634 635 677 676)
4(676 677 719 718)
4(718 719 761 760)
4(760 761 803 802)
4(802 803 845 844)
4(844 845 887 886)
4(886 887 929 928)
4(928 929 971 970)
4(970 971 1013 1012)
4(1012 1013 1055 1054)
4(1054 1055 1097 1096)
4(1096 1097 1139 1138)
4(1138 1139 1181 1180)
4(1180 1181 1223 1222)
4(1222 1223 1265 1264)
4(1264 1265 1307 1306)
4(1306 1307 1349 1348)
4(1348 1349 1391 1390)
4(1390 1391 1433 1432)
4(1432 1433 1475 1474)
4(1474 1475 1517 1516)
4(1516 1517 1559 1558)
4(1558 1559 1601 1600)
4(1600 1601 1643 1642)
4(1642 1643 1685 1684)
4(1684 1685 1727 1726)
4(1726 1727 1769 1768)
4(1768 1769 1811 1810)
4(1810 1811 1853 1852)
4(1852 1853 1895 1894)
4(1894 1895 1937 1936)
4(1936 1937 1979 1978)
4(1978 1979 2021 2020)
4(2020 2021 2063 2062)
4(2062 2063 2105 2104)
4(5 6 48 47)
4(47 48 90 89)
4(89 90 132 131)
4(131 132 174 173)
4(173 174 216 215)
4(215 216 258 257)
4(257 258 300 299)
4(299 300 342 341)
4(341 342 384 383)
4(383 384 426 425)
4(425 426 468 467)
4(467 468 510 509)
4(509 510 552 551)
4(551 552 594 593)
4(593 594 636 635)
4(635 636 678 677)
4(677 678 720 719)
4(719 720 762 761)
4(761 762 804 803)
4(803 804 846 845)
4(845 846 888 887)
4(887 888 930 929)
4(929 930 972 971)
4(971 972 1014 1013)
4(1013 1014 1056 1055)
4(1055 1056 1098 1097)
4(1097 1098 1140 1139)
4(1139 1140 1182 1181)
4(1181 1182 1224 1223)
4(1223 1224 1266 1265)
4(1265 1266 1308 1307)
4(1307 1308 1350 1349)
4(1349 1350 1392 1391)
4(1391 1392 1434 1433)
4(1433 1434 1476 1475)
4(1475 1476 1518 1517)
4(1517 1518 1560 1559)
4(1559 1560 1602 1601)
4(1601 1602 1644 1643)
4(1643 1644 1686 1685)
4(1685 1686 1728 1727)
4(1727 1728 1770 1769)
4(1769 1770 1812 1811)
4(1811 1812 1854 1853)
4(1853 1854 1896 1895)
4(1895 1896 1938 1937)
4(1937 1938 1980 1979)
4(1979 1980 2022 2021)
4(2021 2022 2064 2063)
4(2063 2064 2106 2105)
4(6 7 49 48)
4(48 49 91 90)
4(90 91 133 132)
4(132 133 175 174)
4(174 175 217 216)
4(216 217 259 258)
4(258 259 301 300)
4(300 301 343 342)
4(342 343 385 384)
4(384 385 427 426)
4(426 427 469 468)
4(468 469 511 510)
4(510 511 553 552)
4(552 553 595 594)
4(594 595 637 636)
4(636 637 679 678)
4(678 679 721 720)
4(720 721 763 762)
4(762 763 805 804)
4(804 805 847 846)
4(846 847 889 888)
4(888 889 931 930)
4(930 931 973 972)
4(972 973 1015 1014)
4(1014 1015 1057 1056)
4(1056 1057 1099 1098)
4(1098 1099 1141 1140)
4(1140 1141 1183 1182)
4(1182 1183 1225 1224)
4(1224 1225 1267 1266)
4(1266 1267 1309 1308)
4(1308 1309 1351 1350)
4(1350 1351 1393 1392)
4(1392 1393 1435 1434)
4(1434 1435 1477 1476)
4(1476 1477 1519 1518)
4(1518 1519 1561 1560)
4(1560 1561 1603 1602)
4(1602 1603 1645 1644)
4(1644 1645 1687 1686)
4(1686 1687 1729 1728)
4(1728 1729 1771 1770)
4(1770 1771 1813 1812)
4(1812 1813 1855 1854)
4(1854 1855 1897 1896)
4(1896 1897 1939 1938)
4(1938 1939 1981 1980)
4(1980 1981 2023 2022)
4(2022 2023 2065 2064)
4(2064 2065 2107 2106)
4(7 8 50 49)
4(49 50 92 91)
4(91 92 134 133)
4(133 134 176 175)
4(175 176 218 217)
4(217 218 260 259)
4(259 260 302 301)
4(301 302 344 343)
4(343 344 386 385)
4(385 386 428 427)
4(427 428 470 469)
4(469 470 512 511)
4(511 512 554 553)
4(553 554 596 595)
4(595 596 638 637)
4(637 638 680 679)
4(679 680 722 721)
4(721 722 764 763)
4(763 764 806 805)
4(805 806 848 847)
4(847 848 890 889)
4(889 890 932 931)
4(931 932 974 973)
4(973 974 1016 1015)
4(1015 1016 1058 1057)
4(1057 1058 1100 1099)
4(1099 1100 1142 1141)
4(1141 1142 1184 1183)
4(1183 1184 1226 1225)
4(1225 1226 1268 1267)
4(1267 1268 1310 1309)
4(1309 1310 1352 1351)
4(1351 1352 1394 1393)
4(1393 1394 1436 1435)
4(1435 1436 1478 1477)
4(1477 1478 1520 1519)
4(1519 1520 1562 1561)
4(1561 1562 1604 1603)
4(1603 1604 1646 1645)
4(1645 1646 1688 1687)
4(1687 1688 1730 1729)
4(1729 1730 1772 1771)
4(1771 1772 1814 1813)
4(1813 1814 1856 1855)
4(1855 1856 1898 1897)
4(1897 1898 1940 1939)
4(1939 1940 1982 1981)
4(1981 1982 2024 2023)
4(2023 2024 2066 2065)
4(2065 2066 2108 2107)
4(8 9 51 50)
4(50 51 93 92)
4(92 93 135 134)
4(134 135 177 176)
4(176 177 219 218)
4(218 219 261 260)
4(260 261 303 302)
4(302 303 345 344)
4(344 345 387 386)
4(386 387 429 428)
4(428 429 471 470)
4(470 471 513 512)
4(512 513 555 554)
4(554 555 597 596)
4(596 597 639 638)
4(638 639 681 680)
4(680 681 723 722)
4(722 723 765 764)
4(764 765 807 806)
4(806 807 849 848)
4(848 849 891 890)
4(890 891 933 932)
4(932 933 975 974)
4(974 975 1017 1016)
4(1016 1017 1059 1058)
4(1058 1059 1101 1100)
4(1100 1101 1143 1142)
4(1142 1143 1185 1184)
4(1184 1185 1227 1226)
4(1226 1227 1269 1268)
4(1268 1269 1311 1310)
4(1310 1311 1353 1352)
4(1352 1353 1395 1394)
4(1394 1395 1437 1436)
4(1436 1437 1479 1478)
4(1478 1479 1521 1520)
4(1520 1521 1563 1562)
4(1562 1563 1605 1604)
4(1604 1605 1647 1646)
4(1646 1647 1689 1688)
4(1688 1689 1731 1730)
4(1730 1731 1773 1772)
4(1772 1773 1815 1814)
4(1814 1815 1857 1856)
4(1856 1857 1899 1898)
4(1898 1899 1941 1940)
4(1940 1941 1983 1982)
4(1982 1983 2025 2024)
4(2024 2025 2067 2066)
4(2066 2067 2109 2108)
4(9 10 52 51)
4(51 52 94 93)
4(93 94 136 135)
4(135 136 178 177)
4(177 178 220 219)
4(219 220 262 261)
4(261 262 304 303)
4(303 304 346 345)
4(345 346 388 387)
4(387 388 430 429)
4(429 430 472 471)
4(471 472 514 513)
4(513 514 556 555)
4(555 556 598 597)
4(597 598 640 639)
4(639 640 682 681)
4(681 682 724 723)
4(723 724 766 765)
4(765 766 808 807)
4(807 808 850 849)
4(849 850 892 891)
4(891 892 934 933)
4(933 934 976 975)
4(975 976 1018 1017)
4(1017 1018 1060 1059)
4(1059 1060 1102 1101)
4(1101 1102 1144 1143)
4(1143 1144 1186 1185)
4(1185 1186 1228 1227)
4(1227 1228 1270 1269)
4(1269 1270 1312 1311)
4(1311 1312 1354 1353)
4(1353 1354 1396 1395)
4(1395 1396 1438 1437)
4(1437 1438 1480 1479)
4(1479 1480 1522 1521)
4(1521 1522 1564 1563)
4(1563 1564 1606 1605)
4(1605 1606 1648 1647)
4(1647 1648 1690 1689)
4(1689 1690 1732 1731)
4(1731 1732 1774 1773)
4(1773 1774 1816 1815)
4(1815 1816 1858 1857)
4(1857 1858 1900 1899)
4(1899 1900 1942 1941)
4(1941 1942 1984 1983)
4(1983 1984 2026 2025)
4(2025 2026 2068 2067)
4(2067 2068 2110 2109)
4(10 11 53 52)
4(52 53 95 94)
4(94 95 137 136)
4(136 137 179 178)
4(178 179 221 220)
4(220 221 263 262)
4(262 263 305 304)
4(304 305 347 346)
4(346 347 389 388)
4(388 389 431 430)
4(430 431 473 472)
4(472 473 515 514)
4(514 515 557 556)
4(556 557 599 598)
4(598 599 641 640)
4(640 641 683 682)
4(682 683 725 724)
4(724 725 767 766)
4(766 767 809 808)
4(808 809 851 850)
4(850 851 893 892)
4(892 893 935 934)
4(934 935 977 976)
4(976 977 1019 1018)
4(1018 1019 1061 1060)
4(1060 1061 1103 1102)
4(1102 1103 1145 1144)
4(1144 1145 1187 1186)
4(1186 1187 1229 1228)
4(1228 1229 1271 1270)
4(1270 1271 1313 1312)
4(1312 1313 1355 1354)
4(1354 1355 1397 1396)
4(1396 1397 1439 1438)
4(1438 1439 1481 1480)
4(1480 1481 1523 1522)
4(1522 1523 1565 1564)
4(1564 1565 1607 1606)
4(1606 1607 1649 1648)
4(1648 1649 1691 1690)
4(1690 1691 1733 1732)
4(1732 1733 1775 1774)
4(1774 1775 1817 1816)
4(1816 1817 1859 1858)
4(1858 1859 1901 1900)
4(1900 1901 1943 1942)
4(1942 1943 1985 1984)
4(1984 1985 2027 2026)
4(2026 2027 2069 2068)
4(2068 2069 2111 2110)
4(11 12 54 53)
4(53 54 96 95)
4(95 96 138 137)
4(137 138 180 179)
4(179 180 222 221)
4(221 222 264 263)
4(263 264 306 305)
4(305 306 348 347)
4(347 348 390 389)
4(389 390 432 431)
4(431 432 474 473)
4(473 474 516 515)
4(515 516 558 557)
4(557 558 600 599)
4(599 600 642 641)
4(641 642 684 683)
4(683 684 726 725)
4(725 726 768 767)
4(767 768 810 809)
4(809 810 852 851)
4(851 852 894 893)
4(893 894 936 935)
4(935 936 978 977)
4(977 978 1020 1019)
4(1019 1020 1062 1061)
4(1061 1062 1104 1103)
4(1103 1104 1146 1145)
4(1145 1146 1188 1187)
4(1187 1188 1230 1229)
4(1229 1230 1272 1271)
4(1271 1272 1314 1313)
4(1313 1314 1356 1355)
4(1355 1356 1398 1397)
4(1397 1398 1440 1439)
4(1439 1440 1482 1481)
4(1481 1482 1524 1523)
4(1523 1524 1566 1565)
4(1565 1566 1608 1607)
4(1607 1608 1650 1649)
4(1649 1650 1692 1691)
4(1691 1692 1734 1733)
4(1733 1734 1776 1775)
4(1775 1776 1818 1817)
4(1817 1818 1860 1859)
4(1859 1860 1902 1901)
4(1901 1902 1944 1943)
4(1943 1944 1986 1985)
4(1985 1986 2028 2027)
4(2027 2028 2070 2069)
4(2069 2070 2112 2111)
4(12 13 55 54)
4(54 55 97 96)
4(96 97 139 138)
4(138 139 181 180)
4(180 181 223 222)
4(222 223 265 264)
4(264 265 307 306)
4(306 307 349 348)
4(348 349 391 390)
4(390 391 433 432)
4(432 433 475 474)
4(474 475 517 516)
4(516 517 559 558)
4(558 559 601 600)
4(600 601 643 642)
4(642 643 685 684)
4(684 685 727 726)
4(726 727 769 768)
4(768 769 811 810)
4(810 811 853 852)
4(852 853 895 894)
4(894 895 937 936)
4(936 937 979 978)
4(978 979 1021 1020)
4(1020 1021 1063 1062)
4(1062 1063 1105 1104)
4(1104 1105 1147 1146)
4(1146 1147 1189 1188)
4(1188 1189 1231 1230)
4(1230 1231 1273 1272)
4(1272 1273 1315 1314)
4(1314 1315 1357 1356)
4(1356 1357 1399 1398)
4(1398 1399 1441 1440)
4(1440 1441 1483 1482)
4(1482 1483 1525 1524)
4(1524 1525 1567 1566)
4(1566 1567 1609 1608)
4(1608 1609 1651 1650)
4(1650 1651 1693 1692)
4(1692 1693 1735 1734)
4(1734 1735 1777 1776)
4(1776 1777 1819 1818)
4(1818 1819 1861 1860)
4(1860 1861 1903 1902)
4(1902 1903 1945 1944)
4(1944 1945 1987 1986)
4(1986 1987 2029 2028)
4(2028 2029 2071 2070)
4(2070 2071 2113 2112)
4(13 14 56 55)
4(55 56 98 97)
4(97 98 140 139)
4(139 140 182 181)
4(181 182 224 223)
4(223 224 266 265)
4(265 266 308 307)
4(307 308 350 349)
4(349 350 392 391)
4(391 392 434 433)
4(433 434 476 475)
4(475 476 518 517)
4(517 518 560 559)
4(559 560 602 601)
4(601 602 644 643)
4(643 644 686 685)
4(685 686 728 727)
4(727 728 770 769)
4(769 770 812 811)
4(811 812 854 853)
4(853 854 896 895)
4(895 896 938 937)
4(937 938 980 979)
4(979 980 1022 1021)
4(1021 1022 1064 1063)
4(1063 1064 1106 1105)
4(1105 1106 1148 1147)
4(1147 1148 1190 1189)
4(1189 1190 1232 1231)
4(1231 1232 1274 1273)
4(1273 1274 1316 1315)
4(1315 1316 1358 1357)
4(1357 1358 1400 1399)
4(1399 1400 1442 1441)
4(1441 1442 1484 1483)
4(1483 1484 1526 1525)
4(1525 1526 1568 1567)
4(1567 1568 1610 1609)
4(1609 1610 1652 1651)
4(1651 1652 1694 1693)
4(1693 1694 1736 1735)
4(1735 1736 1778 1777)
4(1777 1778 1820 1819)
4(1819 1820 1862 1861)
4(1861 1862 1904 1903)
4(1903 1904 1946 1945)
4(1945 1946 1988 1987)
4(1987 1988 2030 2029)
4(2029 2030 2072 2071)
4(2071 2072 2114 2113)
4(14 15 57 56)
4(56 57 99 98)
4(98 99 141 140)
4(140 141 183 182)
4(182 183 225 224)
4(224 225 267 266)
4(266 267 309 308)
4(308 309 351 350)
4(350 351 393 392)
4(392 393 435 434)
4(434 435 477 476)
4(476 477 519 518)
4(518 519 561 560)
4(560 561 603 602)
4(602 603 645 644)
4(644 645 687 686)
4(686 687 729 728)
4(728 729 771 770)
4(770 771 813 812)
4(812 813 855 854)
4(854 855 897 896)
4(896 897 939 938)
4(938 939 981 980)
4(980 981 1023 1022)
4(1022 1023 1065 1064)
4(1064 1065 1107 1106)
4(1106 1107 1149 1148)
4(1148 1149 1191 1190)
4(1190 1191 1233 1232)
4(1232 1233 1275 1274)
4(1274 1275 1317 1316)
4(1316 1317 1359 1358)
4(1358 1359 1401 1400)
4(1400 1401 1443 1442)
4(1442 1443 1485 1484)
4(1484 1485 1527 1526)
4(1526 1527 1569 1568)
4(1568 1569 1611 1610)
4(1610 1611 1653 1652)
4(1652 1653 1695 1694)
4(1694 1695 1737 1736)
4(1736 1737 1779 1778)
4(1778 1779 1821 1820)
4(1820 1821 1863 1862)
4(1862 1863 1905 1904)
4(1904 1905 1947 1946)
4(1946 1947 1989 1988)
4(1988 1989 2031 2030)
4(2030 2031 2073 2072)
4(2072 2073 2115 2114)
4(15 16 58 57)
4(57 58 100 99)
4(99 100 142 141)
4(141 142 184 183)
4(183 184 226 225)
4(225 226 268 267)
4(267 268 310 309)
4(309 310 352 351)
4(351 352 394 393)
4(393 394 436 435)
4(435 436 478 477)
4(477 478 520 519)
4(519 520 562 561)
4(561 562 604 603)
4(603 604 646 645)
4(645 646 688 687)
4(687 688 730 729)
4(729 730 772 771)
4(771 772 814 813)
4(813 814 856 855)
4(855 856 898 897)
4(897 898 940 939)
4(939 940 982 981)
4(981 982 1024 1023)
4(1023 1024 1066 1065)
4(1065 1066 1108 1107)
4(1107 1108 1150 1149)
4(1149 1150 1192 1191)
4(1191 1192 1234 1233)
4(1233 1234 1276 1275)
4(1275 1276 1318 1317)
4(1317 1318 1360 1359)
4(1359 1360 1402 1401)
4(1401 1402 1444 1443)
4(1443 1444 1486 1485)
4(1485 1486 1528 1527)
4(1527 1528 1570 1569)
4(1569 1570 1612 1611)
4(1611 1612 1654 1653)
4(1653 1654 1696 1695)
4(1695 1696 1738 1737)
4(1737 1738 1780 1779)
4(1779 1780 1822 1821)
4(1821 1822 1864 1863)
4(1863 1864 1906 1905)
4(1905 1906 1948 1947)
4(1947 1948 1990 1989)
4(1989 1990 2032 2031)
4(2031 2032 2074 2073)
4(2073 2074 2116 2115)
4(16 17 59 58)
4(58 59 101 100)
4(100 101 143 142)
4(142 143 185 184)
4(184 185 227 226)
4(226 227 269 268)
4(268 269 311 310)
4(310 311 353 352)
4(352 353 395 394)
4(394 395 437 436)
4(436 437 479 478)
4(478 479 521 520)
4(520 521 563 562)
4(562 563 605 604)
4(604 605 647 646)
4(646 647 689 688)
4(688 689 731 730)
4(730 731 773 772)
4(772 773 815 814)
4(814 815 857 856)
4(856 857 899 898)
4(898 899 941 940)
4(940 941 983 982)
4(982 983 1025 1024)
4(1024 1025 1067 1066)
4(1066 1067 1109 1108)
4(1108 1109 1151 1150)
4(1150 1151 1193 1192)
4(1192 1193 1235 1234)
4(1234 1235 1277 1276)
4(1276 1277 1319 1318)
4(1318 1319 1361 1360)
4(1360 1361 1403 1402)
4(1402 1403 1445 1444)
4(1444 1445 1487 1486)
4(1486 1487 1529 1528)
4(1528 1529 1571 1570)
4(1570 1571 1613 1612)
4(1612 1613 1655 1654)
4(1654 1655 1697 1696)
4(1696 1697 1739 1738)
4(1738 1739 1781 1780)
4(1780 1781 1823 1822)
4(1822 1823 1865 1864)
4(1864 1865 1907 1906)
4(1906 1907 1949 1948)
4(1948 1949 1991 1990)
4(1990 1991 2033 2032)
4(2032 2033 2075 2074)
4(2074 2075 2117 2116)
4(17 18 60 59)
4(59 60 102 101)
4(101 102 144 143)
4(143 144 186 185)
4(185 186 228 227)
4(227 228 270 269)
4(269 270 312 311)
4(311 312 354 353)
4(353 354 396 395)
4(395 396 438 437)
4(437 438 480 479)
4(479 480 522 521)
4(521 522 564 563)
4(563 564 606 605)
4(605 606 648 647)
4(647 648 690 689)
4(689 690 732 731)
4(731 732 774 773)
4(773 774 816 815)
4(815 816 858 857)
4(857 858 900 899)
4(899 900 942 941)
4(941 942 984 983)
4(983 984 1026 1025)
4(1025 1026 1068 1067)
4(1067 1068 1110 1109)
4(1109 1110 1152 1151)
4(1151 1152 1194 1193)
4(1193 1194 1236 1235)
4(1235 1236 1278 1277)
4(1277 1278 1320 1319)
4(1319 1320 1362 1361)
4(1361 1362 1404 1403)
4(1403 1404 1446 1445)
4(1445 1446 1488 1487)
4(1487 1488 1530 1529)
4(1529 1530 1572 1571)
4(1571 1572 1614 1613)
4(1613 1614 1656 1655)
4(1655 1656 1698 1697)
4(1697 1698 1740 1739)
4(1739 1740 1782 1781)
4(1781 1782 1824 1823)
4(1823 1824 1866 1865)
4(1865 1866 1908 1907)
4(1907 1908 1950 1949)
4(1949 1950 1992 1991)
4(1991 1992 2034 2033)
4(2033 2034 2076 2075)
4(2075 2076 2118 2117)
4(18 19 61 60)
4(60 61 103 102)
4(102 103 145 144)
4(144 145 187 186)
4(186 187 229 228)
4(228 229 271 270)
4(270 271 313 312)
4(312 313 355 354)
4(354 355 397 396)
4(396 397 439 438)
4(438 439 481 480)
4(480 481 523 522)
4(522 523 565 564)
4(564 565 607 606)
4(606 607 649 648)
4(648 649 691 690)
4(690 691 733 732)
4(732 733 775 774)
4(774 775 817 816)
4(816 817 859 858)
4(858 859 901 900)
4(900 901 943 942)
4(942 943 985 984)
4(984 985 1027 1026)
4(1026 1027 1069 1068)
4(1068 1069 1111 1110)
4(1110 1111 1153 1152)
4(1152 1153 1195 1194)
4(1194 1195 1237 1236)
4(1236 1237 1279 1278)
4(1278 1279 1321 1320)
4(1320 1321 1363 1362)
4(1362 1363 1405 1404)
4(1404 1405 1447 1446)
4(1446 1447 1489 1488)
4(1488 1489 1531 1530)
4(1530 1531 1573 1572)
4(1572 1573 1615 1614)
4(1614 1615 1657 1656)
4(1656 1657 1699 1698)
4(1698 1699 1741 1740)
4(1740 1741 1783 1782)
4(1782 1783 1825 1824)
4(1824 1825 1867 1866)
4(1866 1867 1909 1908)
4(1908 1909 1951 1950)
4(1950 1951 1993 1992)
4(1992 1993 2035 2034)
4(2034 2035 2077 2076)
4(2076 2077 2119 2118)
4(19 20 62 61)
4(61 62 104 103)
4(103 104 146 145)
4(145 146 188 187)
4(187 188 230 229)
4(229 230 272 271)
4(271 272 314 313)
4(313 314 356 355)
4(355 356 398 397)
4(397 398 440 439)
4(439 440 482 481)
4(481 482 524 523)
4(523 524 566 565)
4(565 566 608 607)
4(607 608 650 649)
4(649 650 692 691)
4(691 692 734 733)
4(733 734 776 775)
4(775 776 818 817)
4(817 818 860 859)
4(859 860 902 901)
4(901 902 944 943)
4(943 944 986 985)
4(985 986 1028 1027)
4(1027 1028 1070 1069)
4(1069 1070 1112 1111)
4(1111 1112 1154 1153)
4(1153 1154 1196 1195)
4(1195 1196 1238 1237)
4(1237 1238 1280 1279)
4(1279 1280 1322 1321)
4(1321 1322 1364 1363)
4(1363 1364 1406 1405)
4(1405 1406 1448 1447)
4(1447 1448 1490 1489)
4(1489 1490 1532 1531)
4(1531 1532 1574 1573)
4(1573 1574 1616 1615)
4(1615 1616 1658 1657)
4(1657 1658 1700 1699)
4(1699 1700 1742 1741)
4(1741 1742 1784 1783)
4(1783 1784 1826 1825)
4(1825 1826 1868 1867)
4(1867 1868 1910 1909)
4(1909 1910 1952 1951)
4(1951 1952 1994 1993)
4(1993 1994 2036 2035)
4(2035 2036 2078 2077)
4(2077 2078 2120 2119)
4(21 63 64 22)
4(63 105 106 64)
4(105 147 148 106)
4(147 189 190 148)
4(189 231 232 190)
4(231 273 274 232)
4(273 315 316 274)
4(315 357 358 316)
4(357 399 400 358)
4(399 441 442 400)
4(441 483 484 442)
4(483 525 526 484)
4(525 567 568 526)
4(567 609 610 568)
4(609 651 652 610)
4(651 693 694 652)
4(693 735 736 694)
4(735 777 778 736)
4(777 819 820 778)
4(819 861 862 820)
4(861 903 904 862)
4(903 945 946 904)
4(945 987 988 946)
4(987 1029 1030 988)
4(1029 1071 1072 1030)
4(1071 1113 1114 1072)
4(1113 1155 1156 1114)
4(1155 1197 1198 1156)
4(1197 1239 1240 1198)
4(1239 1281 1282 1240)
4(1281 1323 1324 1282)
4(1323 1365 1366 1324)
4(1365 1407 1408 1366)
4(1407 1449 1450 1408)
4(1449 1491 1492 1450)
4(1491 1533 1534 1492)
4(1533 1575 1576 1534)
4(1575 1617 1618 1576)
4(1617 1659 1660 1618)
4(1659 1701 1702 1660)
4(1701 1743 1744 1702)
4(1743 1785 1786 1744)
4(1785 1827 1828 1786)
4(1827 1869 1870 1828)
4(1869 1911 1912 1870)
4(1911 1953 1954 1912)
4(1953 1995 1996 1954)
4(1995 2037 2038 1996)
4(2037 2079 2080 2038)
4(2079 2121 2122 2080)
4(22 64 65 23)
4(64 106 107 65)
4(106 148 149 107)
4(148 190 191 149)
4(190 232 233 191)
4(232 274 275 233)
4(274 316 317 275)
4(316 358 359 317)
4(358 400 401 359)
4(400 442 443 401)
4(442 484 485 443)
4(484 526 527 485)
4(526 568 569 527)
4(568 610 611 569)
4(610 652 653 611)
4(652 694 695 653)
4(694 736 737 695)
4(736 778 779 737)
4(778 820 821 779)
4(820 862 863 821)
4(862 904 905 863)
4(904 946 947 905)
4(946 988 989 947)
4(988 1030 1031 989)
4(1030 1072 1073 1031)
4(1072 1114 1115 1073)
4(1114 1156 1157 1115)
4(1156 1198 1199 1157)
4(1198 1240 1241 1199)
4(1240 1282 1283 1241)
4(1282 1324 1325 1283)
4(1324 1366 1367 1325)
4(1366 1408 1409 1367)
4(1408 1450 1451 1409)
4(1450 1492 1493 1451)
4(1492 1534 1535 1493)
4(1534 1576 1577 1535)
4(1576 1618 1619 1577)
4(1618 1660 1661 1619)
4(1660 1702 1703 1661)
4(1702 1744 1745 1703)
4(1744 1786 1787 1745)
4(1786 1828 1829 1787)
4(1828 1870 1871 1829)
4(1870 1912 1913 1871)
4(1912 1954 1955 1913)
4(1954 1996 1997 1955)
4(1996 2038 2039 1997)
4(2038 2080 2081 2039)
4(2080 2122 2123 2081)
4(23 65 66 24)
4(65 107 108 66)
4(107 149 150 108)
4(149 191 192 150)
4(191 233 234 192)
4(233 275 276 234)
4(275 317 318 276)
4(317 359 360 318)
4(359 401 402 360)
4(401 443 444 402)
4(443 485 486 444)
4(485 527 528 486)
4(527 569 570 528)
4(569 611 612 570)
4(611 653 654 612)
4(653 695 696 654)
4(695 737 738 696)
4(737 779 780 738)
4(779 821 822 780)
4(821 863 864 822)
4(863 905 906 864)
4(905 947 948 906)
4(947 989 990 948)
4(989 1031 1032 990)
4(1031 1073 1074 1032)
4(1073 1115 1116 1074)
4(1115 1157 1158 1116)
4(1157 1199 1200 1158)
4(1199 1241 1242 1200)
4(1241 1283 1284 1242)
4(1283 1325 1326 1284)
4(1325 1367 1368 1326)
4(1367 1409 1410 1368)
4(1409 1451 1452 1410)
4(1451 1493 1494 1452)
4(1493 1535 1536 1494)
4(1535 1577 1578 1536)
4(1577 1619 1620 1578)
4(1619 1661 1662 1620)
4(1661 1703 1704 1662)
4(1703 1745 1746 1704)
4(1745 1787 1788 1746)
4(1787 1829 1830 1788)
4(1829 1871 1872 1830)
4(1871 1913 1914 1872)
4(1913 1955 1956 1914)
4(1955 1997 1998 1956)
4(1997 2039 2040 1998)
4(2039 2081 2082 2040)
4(2081 2123 2124 2082)
4(24 66 67 25)
4(66 108 109 67)
4(108 150 151 109)
4(150 192 193 151)
4(192 234 235 193)
4(234 276 277 235)
4(276 318 319 277)
4(318 360 361 319)
4(360 402 403 361)
4(402 444 445 403)
4(444 486 487 445)
4(486 528 529 487)
4(528 570 571 529)
4(570 612 613 571)
4(612 654 655 613)
4(654 696 697 655)
4(696 738 739 697)
4(738 780 781 739)
4(780 822 823 781)
4(822 864 865 823)
4(864 906 907 865)
4(906 948 949 907)
4(948 990 991 949)
4(990 1032 1033 991)
4(1032 1074 1075 1033)
4(1074 1116 1117 1075)
4(1116 1158 1159 1117)
4(1158 1200 1201 1159)
4(1200 1242 1243 1201)
4(1242 1284 1285 1243)
4(1284 1326 1327 1285)
4(1326 1368 1369 1327)
4(1368 1410 1411 1369)
4(1410 1452 1453 1411)
4(1452 1494 1495 1453)
4(1494 1536 1537 1495)
4(1536 1578 1579 1537)
4(1578 1620 1621 1579)
4(1620 1662 1663 1621)
4(1662 1704 1705 1663)
4(1704 1746 1747 1705)
4(1746 1788 1789 1747)
4(1788 1830 1831 1789)
4(1830 1872 1873 1831)
4(1872 1914 1915 1873)
4(1914 1956 1957 1915)
4(1956 1998 1999 1957)
4(1998 2040 2041 1999)
4(2040 2082 2083 2041)
4(2082 2124 2125 2083)
4(25 67 68 26)
4(67 109 110 68)
4(109 151 152 110)
4(151 193 194 152)
4(193 235 236 194)
4(235 277 278 236)
4(277 319 320 278)
4(319 361 362 320)
4(361 403 404 362)
4(403 445 446 404)
4(445 487 488 446)
4(487 529 530 488)
4(529 571 572 530)
4(571 613 614 572)
4(613 655 656 614)
4(655 697 698 656)
4(697 739 740 698)
4(739 781 782 740)
4(781 823 824 782)
4(823 865 866 824)
4(865 907 908 866)
4(907 949 950 908)
4(949 991 992 950)
4(991 1033 1034 992)
4(1033 1075 1076 1034)
4(1075 1117 1118 1076)
4(1117 1159 1160 1118)
4(1159 1201 1202 1160)
4(1201 1243 1244 1202)
4(1243 1285 1286 1244)
4(1285 1327 1328 1286)
4(1327 1369 1370 1328)
4(1369 1411 1412 1370)
4(1411 1453 1454 1412)
4(1453 1495 1496 1454)
4(1495 1537 1538 1496)
4(1537 1579 1580 1538)
4(1579 1621 1622 1580)
4(1621 1663 1664 1622)
4(1663 1705 1706 1664)
4(1705 1747 1748 1706)
4(1747 1789 1790 1748)
4(1789 1831 1832 1790)
4(1831 1873 1874 1832)
4(1873 1915 1916 1874)
4(1915 1957 1958 1916)
4(1957 1999 2000 1958)
4(1999 2041 2042 2000)
4(2041 2083 2084 2042)
4(2083 2125 2126 2084)
4(26 68 69 27)
4(68 110 111 69)
4(110 152 153 111)
4(152 194 195 153)
4(194 236 237 195)
4(236 278 279 237)
4(278 320 321 279)
4(320 362 363 321)
4(362 404 405 363)
4(404 446 447 405)
4(446 488 489 447)
4(488 530 531 489)
4(530 572 573 531)
4(572 614 615 573)
4(614 656 657 615)
4(656 698 699 657)
4(698 740 741 699)
4(740 782 783 741)
4(782 824 825 783)
4(824 866 867 825)
4(866 908 909 867)
4(908 950 951 909)
4(950 992 993 951)
4(992 1034 1035 993)
4(1034 1076 1077 1035)
4(1076 1118 1119 1077)
4(1118 1160 1161 1119)
4(1160 1202 1203 1161)
4(1202 1244 1245 1203)
4(1244 1286 1287 1245)
4(1286 1328 1329 1287)
4(1328 1370 1371 1329)
4(1370 1412 1413 1371)
4(1412 1454 1455 1413)
4(1454 1496 1497 1455)
4(1496 1538 1539 1497)
4(1538 1580 1581 1539)
4(1580 1622 1623 1581)
4(1622 1664 1665 1623)
4(1664 1706 1707 1665)
4(1706 1748 1749 1707)
4(1748 1790 1791 1749)
4(1790 1832 1833 1791)
4(1832 1874 1875 1833)
4(1874 1916 1917 1875)
4(1916 1958 1959 1917)
4(1958 2000 2001 1959)
4(2000 2042 2043 2001)
4(2042 2084 2085 2043)
4(2084 2126 2127 2085)
4(27 69 70 28)
4(69 111 112 70)
4(111 153 154 112)
4(153 195 196 154)
4(195 237 238 196)
4(237 279 280 238)
4(279 321 322 280)
4(321 363 364 322)
4(363 405 406 364)
4(405 447 448 406)
4(447 489 490 448)
4(489 531 532 490)
4(531 573 574 532)
4(573 615 616 574)
4(615 657 658 616)
4(657 699 700 658)
4(699 741 742 700)
4(741 783 784 742)
4(783 825 826 784)
4(825 867 868 826)
4(867 909 910 868)
4(909 951 952 910)
4(951 993 994 952)
4(993 1035 1036 994)
4(1035 1077 1078 1036)
4(1077 1119 1120 1078)
4(1119 1161 1162 1120)
4(1161 1203 1204 1162)
4(1203 1245 1246 1204)
4(1245 1287 1288 1246)
4(1287 1329 1330 1288)
4(1329 1371 1372 1330)
4(1371 1413 1414 1372)
4(1413 1455 1456 1414)
4(1455 1497 1498 1456)
4(1497 1539 1540 1498)
4(1539 1581 1582 1540)
4(1581 1623 1624 1582)
4(1623 1665 1666 1624)
4(1665 1707 1708 1666)
4(1707 1749 1750 1708)
4(1749 1791 1792 1750)
4(1791 1833 1834 1792)
4(1833 1875 1876 1834)
4(1875 1917 1918 1876)
4(1917 1959 1960 1918)
4(1959 2001 2002 1960)
4(2001 2043 2044 2002)
4(2043 2085 2086 2044)
4(2085 2127 2128 2086)
4(28 70 71 29)
4(70 112 113 71)
4(112 154 155 113)
4(154 196 197 155)
4(196 238 239 197)
4(238 280 281 239)
4(280 322 323 281)
4(322 364 365 323)
4(364 406 407 365)
4(406 448 449 407)
4(448 490 491 449)
4(490 532 533 491)
4(532 574 575 533)
4(574 616 617 575)
4(616 658 659 617)
4(658 700 701 659)
4(700 742 743 701)
4(742 784 785 743)
4(784 826 827 785)
4(826 868 869 827)
4(868 910 911 869)
4(910 952 953 911)
4(952 994 995 953)
4(994 1036 1037 995)
4(1036 1078 1079 1037)
4(1078 1120 1121 1079)
4(1120 1162 1163 1121)
4(1162 1204 1205 1163)
4(1204 1246 1247 1205)
4(1246 1288 1289 1247)
4(1288 1330 1331 1289)
4(1330 1372 1373 1331)
4(1372 1414 1415 1373)
4(1414 1456 1457 1415)
4(1456 1498 1499 1457)
4(1498 1540 1541 1499)
4(1540 1582 1583 1541)
4(1582 1624 1625 1583)
4(1624 1666 1667 1625)
4(1666 1708 1709 1667)
4(1708 1750 1751 1709)
4(1750 1792 1793 1751)
4(1792 1834 1835 1793)
4(1834 1876 1877 1835)
4(1876 1918 1919 1877)
4(1918 1960 1961 1919)
4(1960 2002 2003 1961)
4(2002 2044 2045 2003)
4(2044 2086 2087 2045)
4(2086 2128 2129 2087)
4(29 71 72 30)
4(71 113 114 72)
4(113 155 156 114)
4(155 197 198 156)
4(197 239 240 198)
4(239 281 282 240)
4(281 323 324 282)
4(323 365 366 324)
4(365 407 408 366)
4(407 449 450 408)
4(449 491 492 450)
4(491 533 534 492)
4(533 575 576 534)
4(575 617 618 576)
4(617 659 660 618)
4(659 701 702 660)
4(701 743 744 702)
4(743 785 786 744)
4(785 827 828 786)
4(827 869 870 828)
4(869 911 912 870)
4(911 953 954 912)
4(953 995 996 954)
4(995 1037 1038 996)
4(1037 1079 1080 1038)
4(1079 1121 1122 1080)
4(1121 1163 1164 1122)
4(1163 1205 1206 1164)
4(1205 1247 1248 1206)
4(1247 1289 1290 1248)
4(1289 1331 1332 1290)
4(1331 1373 1374 1332)
4(1373 1415 1416 1374)
4(1415 1457 1458 1416)
4(1457 1499 1500 1458)
4(1499 1541 1542 1500)
4(1541 1583 1584 1542)
4(1583 1625 1626 1584)
4(1625 1667 1668 1626)
4(1667 1709 1710 1668)
4(1709 1751 1752 1710)
4(1751 1793 1794 1752)
4(1793 1835 1836 1794)
4(1835 1877 1878 1836)
4(1877 1919 1920 1878)
4(1919 1961 1962 1920)
4(1961 2003 2004 1962)
4(2003 2045 2046 2004)
4(2045 2087 2088 2046)
4(2087 2129 2130 2088)
4(30 72 73 31)
4(72 114 115 73)
4(114 156 157 115)
4(156 198 199 157)
4(198 240 241 199)
4(240 282 283 241)
4(282 324 325 283)
4(324 366 367 325)
4(366 408 409 367)
4(408 450 451 409)
4(450 492 493 451)
4(492 534 535 493)
4(534 576 577 535)
4(576 618 619 577)
4(618 660 661 619)
4(660 702 703 661)
4(702 744 745 703)
4(744 786 787 745)
4(786 828 829 787)
4(828 870 871 829)
4(870 912 913 871)
4(912 954 955 913)
4(954 996 997 955)
4(996 1038 1039 997)
4(1038 1080 1081 1039)
4(1080 1122 1123 1081)
4(1122 1164 1165 1123)
4(1164 1206 1207 1165)
4(1206 1248 1249 1207)
4(1248 1290 1291 1249)
4(1290 1332 1333 1291)
4(1332 1374 1375 1333)
4(1374 1416 1417 1375)
4(1416 1458 1459 1417)
4(1458 1500 1501 1459)
4(1500 1542 1543 1501)
4(1542 1584 1585 1543)
4(1584 1626 1627 1585)
4(1626 1668 1669 1627)
4(1668 1710 1711 1669)
4(1710 1752 1753 1711)
4(1752 1794 1795 1753)
4(1794 1836 1837 1795)
4(1836 1878 1879 1837)
4(1878 1920 1921 1879)
4(1920 1962 1963 1921)
4(1962 2004 2005 1963)
4(2004 2046 2047 2005)
4(2046 2088 2089 2047)
4(2088 2130 2131 2089)
4(31 73 74 32)
4(73 115 116 74)
4(115 157 158 116)
4(157 199 200 158)
4(199 241 242 200)
4(241 283 284 242)
4(283 325 326 284)
4(325 367 368 326)
4(367 409 410 368)
4(409 451 452 410)
4(451 493 494 452)
4(493 535 536 494)
4(535 577 578 536)
4(577 619 620 578)
4(619 661 662 620)
4(661 703 704 662)
4(703 745 746 704)
4(745 787 788 746)
4(787 829 830 788)
4(829 871 872 830)
4(871 913 914 872)
4(913 955 956 914)
4(955 997 998 956)
4(997 1039 1040 998)
4(1039 1081 1082 1040)
4(1081 1123 1124 1082)
4(1123 1165 1166 1124)
4(1165 1207 1208 1166)
4(1207 1249 1250 1208)
4(1249 1291 1292 1250)
4(1291 1333 1334 1292)
4(1333 1375 1376 1334)
4(1375 1417 1418 1376)
4(1417 1459 1460 1418)
4(1459 1501 1502 1460)
4(1501 1543 1544 1502)
4(1543 1585 1586 1544)
4(1585 1627 1628 1586)
4(1627 1669 1670 1628)
4(1669 1711 1712 1670)
4(1711 1753 1754 1712)
4(1753 1795 1796 1754)
4(1795 1837 1838 1796)
4(1837 1879 1880 1838)
4(1879 1921 1922 1880)
4(1921 1963 1964 1922)
4(1963 2005 2006 1964)
4(2005 2047 2048 2006)
4(2047 2089 2090 2048)
4(2089 2131 2132 2090)
4(32 74 75 33)
4(74 116 117 75)
4(116 158 159 117)
4(158 200 201 159)
4(200 242 243 201)
4(242 284 285 243)
4(284 326 327 285)
4(326 368 369 327)
4(368 410 411 369)
4(410 452 453 411)
4(452 494 495 453)
4(494 536 537 495)
4(536 578 579 537)
4(578 620 621 579)
4(620 662 663 621)
4(662 704 705 663)
4(704 746 747 705)
4(746 788 789 747)
4(788 830 831 789)
4(830 872 873 831)
4(872 914 915 873)
4(914 956 957 915)
4(956 998 999 957)
4(998 1040 1041 999)
4(1040 1082 1083 1041)
4(1082 1124 1125 1083)
4(1124 1166 1167 1125)
4(1166 1208 1209 1167)
4(1208 1250 1251 1209)
4(1250 1292 1293 1251)
4(1292 1334 1335 1293)
4(1334 1376 1377 1335)
4(1376 1418 1419 1377)
4(1418 1460 1461 1419)
4(1460 1502 1503 1461)
4(1502 1544 1545 1503)
4(1544 1586 1587 1545)
4(1586 1628 1629 1587)
4(1628 1670 1671 1629)
4(1670 1712 1713 1671)
4(1712 1754 1755 1713)
4(1754 1796 1797 1755)
4(1796 1838 1839 1797)
4(1838 1880 1881 1839)
4(1880 1922 1923 1881)
4(1922 1964 1965 1923)
4(1964 2006 2007 1965)
4(2006 2048 2049 2007)
4(2048 2090 2091 2049)
4(2090 2132 2133 2091)
4(33 75 76 34)
4(75 117 118 76)
4(117 159 160 118)
4(159 201 202 160)
4(201 243 244 202)
4(243 285 286 244)
4(285 327 328 286)
4(327 369 370 328)
4(369 411 412 370)
4(411 453 454 412)
4(453 495 496 454)
4(495 537 538 496)
4(537 579 580 538)
4(579 621 622 580)
4(621 663 664 622)
4(663 705 706 664)
4(705 747 748 706)
4(747 789 790 748)
4(789 831 832 790)
4(831 873 874 832)
4(873 915 916 874)
4(915 957 958 916)
4(957 999 1000 958)
4(999 1041 1042 1000)
4(1041 1083 1084 1042)
4(1083 1125 1126 1084)
4(1125 1167 1168 1126)
4(1167 1209 1210 1168)
4(1209 1251 1252 1210)
4(1251 1293 1294 1252)
4(1293 1335 1336 1294)
4(1335 1377 1378 1336)
4(1377 1419 1420 1378)
4(1419 1461 1462 1420)
4(1461 1503 1504 1462)
4(1503 1545 1546 1504)
4(1545 1587 1588 1546)
4(1587 1629 1630 1588)
4(1629 1671 1672 1630)
4(1671 1713 1714 1672)
4(1713 1755 1756 1714)
4(1755 1797 1798 1756)
4(1797 1839 1840 1798)
4(1839 1881 1882 1840)
4(1881 1923 1924 1882)
4(1923 1965 1966 1924)
4(1965 2007 2008 1966)
4(2007 2049 2050 2008)
4(2049 2091 2092 2050)
4(2091 2133 2134 2092)
4(34 76 77 35)
4(76 118 119 77)
4(118 160 161 119)
4(160 202 203 161)
4(202 244 245 203)
4(244 286 287 245)
4(286 328 329 287)
4(328 370 371 329)
4(370 412 413 371)
4(412 454 455 413)
4(454 496 497 455)
4(496 538 539 497)
4(538 580 581 539)
4(580 622 623 581)
4(622 664 665 623)
4(664 706 707 665)
4(706 748 749 707)
4(748 790 791 749)
4(790 832 833 791)
4(832 874 875 833)
4(874 916 917 875)
4(916 958 959 917)
4(958 1000 1001 959)
4(1000 1042 1043 1001)
4(1042 1084 1085 1043)
4(1084 1126 1127 1085)
4(1126 1168 1169 1127)
4(1168 1210 1211 1169)
4(1210 1252 1253 1211)
4(1252 1294 1295 1253)
4(1294 1336 1337 1295)
4(1336 1378 1379 1337)
4(1378 1420 1421 1379)
4(1420 1462 1463 1421)
4(1462 1504 1505 1463)
4(1504 1546 1547 1505)
4(1546 1588 1589 1547)
4(1588 1630 1631 1589)
4(1630 1672 1673 1631)
4(1672 1714 1715 1673)
4(1714 1756 1757 1715)
4(1756 1798 1799 1757)
4(1798 1840 1841 1799)
4(1840 1882 1883 1841)
4(1882 1924 1925 1883)
4(1924 1966 1967 1925)
4(1966 2008 2009 1967)
4(2008 2050 2051 2009)
4(2050 2092 2093 2051)
4(2092 2134 2135 2093)
4(35 77 78 36)
4(77 119 120 78)
4(119 161 162 120)
4(161 203 204 162)
4(203 245 246 204)
4(245 287 288 246)
4(287 329 330 288)
4(329 371 372 330)
4(371 413 414 372)
4(413 455 456 414)
4(455 497 498 456)
4(497 539 540 498)
4(539 581 582 540)
4(581 623 624 582)
4(623 665 666 624)
4(665 707 708 666)
4(707 749 750 708)
4(749 791 792 750)
4(791 833 834 792)
4(833 875 876 834)
4(875 917 918 876)
4(917 959 960 918)
4(959 1001 1002 960)
4(1001 1043 1044 1002)
4(1043 1085 1086 1044)
4(1085 1127 1128 1086)
4(1127 1169 1170 1128)
4(1169 1211 1212 1170)
4(1211 1253 1254 1212)
4(1253 1295 1296 1254)
4(1295 1337 1338 1296)
4(1337 1379 1380 1338)
4(1379 1421 1422 1380)
4(1421 1463 1464 1422)
4(1463 1505 1506 1464)
4(1505 1547 1548 1506)
4(1547 1589 1590 1548)
4(1589 1631 1632 1590)
4(1631 1673 1674 1632)
4(1673 1715 1716 1674)
4(1715 1757 1758 1716)
4(1757 1799 1800 1758)
4(1799 1841 1842 1800)
4(1841 1883 1884 1842)
4(1883 1925 1926 1884)
4(1925 1967 1968 1926)
4(1967 2009 2010 1968)
4(2009 2051 2052 2010)
4(2051 2093 2094 2052)
4(2093 2135 2136 2094)
4(36 78 79 37)
4(78 120 121 79)
4(120 162 163 121)
4(162 204 205 163)
4(204 246 247 205)
4(246 288 289 247)
4(288 330 331 289)
4(330 372 373 331)
4(372 414 415 373)
4(414 456 457 415)
4(456 498 499 457)
4(498 540 541 499)
4(540 582 583 541)
4(582 624 625 583)
4(624 666 667 625)
4(666 708 709 667)
4(708 750 751 709)
4(750 792 793 751)
4(792 834 835 793)
4(834 876 877 835)
4(876 918 919 877)
4(918 960 961 919)
4(960 1002 1003 961)
4(1002 1044 1045 1003)
4(1044 1086 1087 1045)
4(1086 1128 1129 1087)
4(1128 1170 1171 1129)
4(1170 1212 1213 1171)
4(1212 1254 1255 1213)
4(1254 1296 1297 1255)
4(1296 1338 1339 1297)
4(1338 1380 1381 1339)
4(1380 1422 1423 1381)
4(1422 1464 1465 1423)
4(1464 1506 1507 1465)
4(1506 1548 1549 1507)
4(1548 1590 1591 1549)
4(1590 1632 1633 1591)
4(1632 1674 1675 1633)
4(1674 1716 1717 1675)
4(1716 1758 1759 1717)
4(1758 1800 1801 1759)
4(1800 1842 1843 1801)
4(1842 1884 1885 1843)
4(1884 1926 1927 1885)
4(1926 1968 1969 1927)
4(1968 2010 2011 1969)
4(2010 2052 2053 2011)
4(2052 2094 2095 2053)
4(2094 2136 2137 2095)
4(37 79 80 38)
4(79 121 122 80)
4(121 163 164 122)
4(163 205 206 164)
4(205 247 248 206)
4(247 289 290 248)
4(289 331 332 290)
4(331 373 374 332)
4(373 415 416 374)
4(415 457 458 416)
4(457 499 500 458)
4(499 541 542 500)
4(541 583 584 542)
4(583 625 626 584)
4(625 667 668 626)
4(667 709 710 668)
4(709 751 752 710)
4(751 793 794 752)
4(793 835 836 794)
4(835 877 878 836)
4(877 919 920 878)
4(919 961 962 920)
4(961 1003 1004 962)
4(1003 1045 1046 1004)
4(1045 1087 1088 1046)
4(1087 1129 1130 1088)
4(1129 1171 1172 1130)
4(1171 1213 1214 1172)
4(1213 1255 1256 1214)
4(1255 1297 1298 1256)
4(1297 1339 1340 1298)
4(1339 1381 1382 1340)
4(1381 1423 1424 1382)
4(1423 1465 1466 1424)
4(1465 1507 1508 1466)
4(1507 1549 1550 1508)
4(1549 1591 1592 1550)
4(1591 1633 1634 1592)
4(1633 1675 1676 1634)
4(1675 1717 1718 1676)
4(1717 1759 1760 1718)
4(1759 1801 1802 1760)
4(1801 1843 1844 1802)
4(1843 1885 1886 1844)
4(1885 1927 1928 1886)
4(1927 1969 1970 1928)
4(1969 2011 2012 1970)
4(2011 2053 2054 2012)
4(2053 2095 2096 2054)
4(2095 2137 2138 2096)
4(38 80 81 39)
4(80 122 123 81)
4(122 164 165 123)
4(164 206 207 165)
4(206 248 249 207)
4(248 290 291 249)
4(290 332 333 291)
4(332 374 375 333)
4(374 416 417 375)
4(416 458 459 417)
4(458 500 501 459)
4(500 542 543 501)
4(542 584 585 543)
4(584 626 627 585)
4(626 668 669 627)
4(668 710 711 669)
4(710 752 753 711)
4(752 794 795 753)
4(794 836 837 795)
4(836 878 879 837)
4(878 920 921 879)
4(920 962 963 921)
4(962 1004 1005 963)
4(1004 1046 1047 1005)
4(1046 1088 1089 1047)
4(1088 1130 1131 1089)
4(1130 1172 1173 1131)
4(1172 1214 1215 1173)
4(1214 1256 1257 1215)
4(1256 1298 1299 1257)
4(1298 1340 1341 1299)
4(1340 1382 1383 1341)
4(1382 1424 1425 1383)
4(1424 1466 1467 1425)
4(1466 1508 1509 1467)
4(1508 1550 1551 1509)
4(1550 1592 1593 1551)
4(1592 1634 1635 1593)
4(1634 1676 1677 1635)
4(1676 1718 1719 1677)
4(1718 1760 1761 1719)
4(1760 1802 1803 1761)
4(1802 1844 1845 1803)
4(1844 1886 1887 1845)
4(1886 1928 1929 1887)
4(1928 1970 1971 1929)
4(1970 2012 2013 1971)
4(2012 2054 2055 2013)
4(2054 2096 2097 2055)
4(2096 2138 2139 2097)
4(39 81 82 40)
4(81 123 124 82)
4(123 165 166 124)
4(165 207 208 166)
4(207 249 250 208)
4(249 291 292 250)
4(291 333 334 292)
4(333 375 376 334)
4(375 417 418 376)
4(417 459 460 418)
4(459 501 502 460)
4(501 543 544 502)
4(543 585 586 544)
4(585 627 628 586)
4(627 669 670 628)
4(669 711 712 670)
4(711 753 754 712)
4(753 795 796 754)
4(795 837 838 796)
4(837 879 880 838)
4(879 921 922 880)
4(921 963 964 922)
4(963 1005 1006 964)
4(1005 1047 1048 1006)
4(1047 1089 1090 1048)
4(1089 1131 1132 1090)
4(1131 1173 1174 1132)
4(1173 1215 1216 1174)
4(1215 1257 1258 1216)
4(1257 1299 1300 1258)
4(1299 1341 1342 1300)
4(1341 1383 1384 1342)
4(1383 1425 1426 1384)
4(1425 1467 1468 1426)
4(1467 1509 1510 1468)
4(1509 1551 1552 1510)
4(1551 1593 1594 1552)
4(1593 1635 1636 1594)
4(1635 1677 1678 1636)
4(1677 1719 1720 1678)
4(1719 1761 1762 1720)
4(1761 1803 1804 1762)
4(1803 1845 1846 1804)
4(1845 1887 1888 1846)
4(1887 1929 1930 1888)
4(1929 1971 1972 1930)
4(1971 2013 2014 1972)
4(2013 2055 2056 2014)
4(2055 2097 2098 2056)
4(2097 2139 2140 2098)
4(40 82 83 41)
4(82 124 125 83)
4(124 166 167 125)
4(166 208 209 167)
4(208 250 251 209)
4(250 292 293 251)
4(292 334 335 293)
4(334 376 377 335)
4(376 418 419 377)
4(418 460 461 419)
4(460 502 503 461)
4(502 544 545 503)
4(544 586 587 545)
4(586 628 629 587)
4(628 670 671 629)
4(670 712 713 671)
4(712 754 755 713)
4(754 796 797 755)
4(796 838 839 797)
4(838 880 881 839)
4(880 922 923 881)
4(922 964 965 923)
4(964 1006 1007 965)
4(1006 1048 1049 1007)
4(1048 1090 1091 1049)
4(1090 1132 1133 1091)
4(1132 1174 1175 1133)
4(1174 1216 1217 1175)
4(1216 1258 1259 1217)
4(1258 1300 1301 1259)
4(1300 1342 1343 1301)
4(1342 1384 1385 1343)
4(1384 1426 1427 1385)
4(1426 1468 1469 1427)
4(1468 1510 1511 1469)
4(1510 1552 1553 1511)
4(1552 1594 1595 1553)
4(1594 1636 1637 1595)
4(1636 1678 1679 1637)
4(1678 1720 1721 1679)
4(1720 1762 1763 1721)
4(1762 1804 1805 1763)
4(1804 1846 1847 1805)
4(1846 1888 1889 1847)
4(1888 1930 1931 1889)
4(1930 1972 1973 1931)
4(1972 2014 2015 1973)
4(2014 2056 2057 2015)
4(2056 2098 2099 2057)
4(2098 2140 2141 2099)
)


// ************************************************************************* //
